$SPEC_ID:
Beryllilum 1 Calibration
$SPEC_REM:
DET# 1
DETDESC# DESKTOP-T9B70KN Easy-MCA-8k SN 15013759
AP# Maestro Version 7.01
$DATE_MEA:
01/24/2023 12:33:02
$MEAS_TIM:
339 346
$DATA:
0 2047
       0
       0
       0
       0
       0
       2
       0
       1
       0
       0
       0
       0
       0
       0
       0
       1
       0
       0
       0
       2
       2
       1
       2
       0
       2
       1
       2
       2
       4
       7
      12
      19
      29
      36
      68
      96
     171
     371
     654
    1148
    2005
    3116
    4734
    6764
    9385
   12962
   16886
   21739
   26819
   31021
   34656
   36385
   37373
   37363
   36744
   35894
   34373
   33286
   32506
   31345
   29767
   28893
   27775
   26487
   25107
   24060
   22760
   21812
   20676
   19653
   18751
   17537
   16633
   15482
   14826
   13690
   12914
   12119
   11406
   10596
    9954
    9557
    8803
    8018
    7477
    7175
    6557
    6168
    5642
    5407
    4931
    4653
    4187
    4071
    3779
    3466
    3244
    2993
    2862
    2683
    2526
    2253
    2110
    2069
    1884
    1807
    1708
    1562
    1468
    1420
    1261
    1256
    1128
    1046
     978
     874
     895
     839
     784
     793
     722
     669
     644
     571
     526
     546
     506
     447
     457
     425
     387
     354
     348
     330
     333
     292
     308
     269
     274
     241
     260
     237
     209
     201
     181
     186
     193
     180
     172
     140
     164
     163
     156
     129
     129
     136
     142
     122
     115
     113
     124
     115
     124
     102
     119
     109
     108
     101
     107
      95
     106
      84
      91
      85
      97
      93
      85
      91
      83
      73
      93
      71
      90
      82
      83
      70
      65
      75
      80
      69
      81
      65
      70
      73
      62
      73
      58
      72
      84
      58
      58
      57
      70
      48
      54
      66
      66
      59
      56
      47
      68
      63
      53
      48
      51
      48
      48
      51
      47
      49
      57
      44
      56
      53
      50
      47
      39
      51
      40
      52
      50
      40
      34
      42
      53
      49
      43
      59
      38
      34
      43
      41
      42
      30
      30
      50
      45
      39
      44
      54
      43
      44
      46
      28
      36
      35
      43
      53
      42
      38
      56
      35
      42
      45
      47
      52
      36
      49
      45
      64
      58
      47
      62
      60
      42
      63
      53
      53
      72
      81
      76
      83
      68
      77
      78
      76
      69
      62
      80
      59
      57
      71
      60
      75
      46
      60
      61
      61
      54
      48
      63
      39
      49
      50
      46
      41
      42
      35
      26
      43
      32
      33
      25
      33
      38
      25
      32
      33
      31
      26
      36
      35
      31
      26
      31
      33
      36
      28
      35
      25
      32
      31
      32
      26
      39
      37
      26
      20
      25
      28
      22
      25
      25
      24
      23
      28
      24
      15
      24
      17
      20
      24
      25
      27
      19
      21
      24
      28
      25
      29
      22
      22
      15
      22
      19
      21
      25
      19
      19
      18
      21
      27
      28
      25
      26
      18
       9
      26
      16
      22
      16
      19
      17
      23
      21
      20
      14
      13
      12
      24
      19
      21
      17
      18
      17
      23
      15
      27
      18
      19
      19
      17
      20
      15
      21
      18
      16
      14
      22
      16
      17
      19
      14
      17
      27
      22
      15
      14
      21
      17
      20
      20
      23
      26
      14
      16
      18
      17
      14
      21
       9
      14
      22
       9
      18
      25
      14
      16
      20
      11
      12
      10
      11
      24
      17
      22
      16
      15
      15
      16
      23
      23
      17
      26
      13
      16
      17
      14
      22
      14
      14
      21
      16
      10
      19
      19
      17
      20
      13
      14
      14
      17
      13
      17
      16
      20
      20
      19
      16
      19
      19
      17
      15
      13
      21
       9
      15
      14
      23
      16
      13
      13
      18
      14
      14
      20
      17
       7
      12
      13
      14
      15
      19
      19
      14
      15
      15
      16
      18
      14
       9
      12
      11
      19
      16
      15
      15
      15
      11
      11
      13
      20
      18
      19
      15
      15
      21
      14
      13
      24
      12
      15
      16
      17
      17
       7
      18
      12
      16
      14
      10
      17
      20
      13
      19
      15
      16
      19
      18
      11
      11
      12
      10
      15
      10
       6
      18
      14
      16
      15
      16
      15
       9
       8
      19
      15
      10
      13
      15
       9
      11
      11
      17
      12
      16
       9
      14
       8
      13
       9
      14
       5
      12
       6
      14
      12
       7
       7
      13
       9
      11
       8
      13
      14
      12
      12
      22
       9
       9
      10
      11
      12
      15
      14
      17
      14
      14
      17
      10
      11
      20
      13
       9
      11
      13
      10
      12
       7
       8
      12
       8
       8
      17
      10
      13
       7
       8
       4
      12
      19
      13
      13
      13
       7
       7
       7
      14
      12
      11
      12
      10
      11
      17
      11
      11
      12
      14
       9
      16
       8
      14
      14
       6
      16
      11
      19
      12
       8
       9
      10
      15
      11
      14
      12
      11
      11
      10
      10
       7
      13
      11
      12
      10
       8
       9
       8
      12
      11
       7
      12
      13
       8
      14
      14
       5
       6
       9
       6
       6
      11
       4
       8
       5
       9
       6
      11
      11
      10
       4
      10
       9
       9
       7
       6
      11
      11
       8
       7
      12
      11
       7
       8
      11
       6
       9
       7
       7
       8
       9
      11
      11
      12
      15
       9
       8
      12
       8
      10
       9
       8
       4
       9
       9
       9
      13
       8
       8
       9
      13
       5
       7
      10
       5
       6
      13
      11
       5
       7
      10
      12
      12
      11
       9
      12
      13
      13
      11
       8
       8
      14
       9
      13
       9
      12
       4
       9
      12
       9
      10
      12
       6
      13
      11
      13
       6
      12
       9
      18
      13
      11
      19
      13
      14
      10
      18
       8
      10
      19
      12
      16
      14
      12
      14
      20
      20
      13
      13
      12
      25
      16
      18
      12
      14
      17
      15
      12
      20
       9
      22
      15
      14
      14
      15
      14
      13
      12
       8
       7
      15
      21
       7
      16
      13
      17
      14
      15
      13
      13
      12
      15
      11
      12
       7
      12
       5
      11
      13
      10
      10
       8
       4
      10
      16
       9
       7
       8
       5
       6
      15
       6
      10
       7
       7
       6
       5
       4
      11
       4
       7
       3
       6
       7
       5
       7
       7
       3
       7
       9
      11
       9
       6
       3
       3
       3
       7
       4
       4
       7
       7
       4
       1
       4
       9
       3
      10
       5
       5
       5
       5
       7
       4
       6
       6
       7
      10
       7
       5
       3
       3
       6
       5
       5
       7
       6
       5
       7
       5
       7
       5
       7
       3
       1
       5
       5
       6
       3
       6
       5
      10
       3
       9
       2
       6
       8
       4
      10
       5
       6
       4
       2
       5
       5
       8
      10
       5
       7
       7
       6
       9
      10
       4
       8
       5
      10
       7
       6
       4
       5
       8
       2
       7
       7
       2
      10
      10
       5
       7
       6
       6
       7
       1
       8
       7
      10
       4
       4
       3
      10
       5
      11
       5
       5
       8
       7
       5
      12
       6
       7
       5
       9
       9
       6
       5
       7
       8
       6
      11
       8
       4
       6
      17
       8
       2
       5
       6
       9
       7
       3
       7
       4
       2
       1
       6
       5
       7
       5
       2
       4
       7
       9
       6
       5
       6
       2
       7
       7
       2
      13
       6
       6
       9
       7
       4
       4
       3
       6
       6
       7
       6
       7
       7
       4
       1
       5
       5
       6
       8
       2
       6
       6
       9
       8
       5
       5
       1
       1
       7
       6
       6
       8
       8
       4
       4
       4
       4
       2
       1
       6
       8
       8
       3
       5
       1
       3
       4
       3
       2
       6
       5
       6
       6
       5
       5
       2
       4
       8
       1
       5
       2
       2
       7
       5
       7
       5
       7
       6
      10
       5
       4
       7
       3
       3
       7
       5
       9
       5
       6
       5
       7
       5
       8
       9
       7
       8
       6
       4
       7
       1
       3
       1
       6
       3
       5
       5
       7
       4
       4
       6
       4
       2
       3
       6
       8
       5
       9
       5
       4
       2
       5
       5
       3
       4
       8
       1
       0
       4
       5
       4
       6
       2
       2
       1
       5
       6
       5
       2
       4
       4
       4
       8
       7
       8
       4
       6
       3
       4
       3
       7
       7
       5
       3
       6
       5
       2
       6
       2
       4
       1
       4
       6
       5
       3
       8
       8
       4
       7
       5
       5
       2
       3
       5
       6
       2
       2
       2
       7
       8
       5
       5
       2
       3
       5
       8
       1
       7
       6
      12
       2
       1
       6
       3
       5
       7
       5
       4
       3
       4
       5
       4
       9
       7
       5
       5
       6
       4
       5
       2
       1
       2
       4
       5
       9
       6
       2
       5
       7
       3
       9
       4
       5
       5
       5
       7
       8
       8
       8
       5
       3
       8
       7
       6
       8
       3
       6
       9
       3
       9
       6
       3
       5
       3
       4
       6
       3
       3
       5
       4
       8
       8
       3
       5
       3
       4
      10
       4
       4
       2
       3
       4
      10
       6
       8
      10
       2
       4
       1
       6
       7
       5
       3
       5
       5
       4
       4
       4
       3
      14
      10
      10
       3
       4
       5
       4
       4
       3
       1
       2
      10
       7
       1
       4
       4
       5
       5
       5
       0
       7
       5
       4
       5
       6
       3
       2
       1
       3
       1
       3
       5
       6
       6
       5
       3
       5
       7
       4
       5
       4
       3
       5
       4
       1
       2
       3
       5
       2
       6
       2
       3
      10
       3
       2
       3
       5
       3
       3
       4
       4
       3
       4
       6
       2
       3
       2
       5
       5
       6
       9
       3
       6
       6
       4
       5
       5
       3
       3
       6
       4
       2
       6
       4
       7
       4
       7
       5
       3
       1
       1
       5
       3
       2
       7
       4
       4
       3
       4
       5
       3
       3
       4
       5
       1
       3
       7
       4
       4
       5
       5
       6
       7
       5
       6
       7
       4
       1
       6
       6
       3
       1
       8
       6
       3
       6
       2
       3
       3
       7
       4
       7
       8
       3
       6
       6
      10
       3
       5
       3
       5
       4
       4
       1
       8
       2
       2
       5
       9
       3
       7
       6
       3
       2
       5
       2
       6
       6
       5
       6
       8
       6
       4
       4
       6
       2
      12
       2
       5
       3
       6
       5
       1
       7
       2
       6
       5
       2
       4
       6
       5
       7
       2
       4
       1
       4
       4
       5
       6
       1
       6
       4
       1
       4
       8
       4
       7
       6
       8
       2
       6
       4
       3
       8
       3
       1
       6
       4
       3
       2
       5
       2
       5
       2
       6
       5
       3
       5
       2
       3
       6
       3
       1
       7
       1
       1
       7
       4
       5
       6
       5
       2
       5
       4
       2
       5
       6
       5
       5
       5
       5
       2
       5
       4
       6
       0
       3
       5
       4
       6
       3
       0
       8
       3
       6
       3
       3
       4
       2
       3
       2
       3
       6
       5
       7
       8
       1
       7
       4
       3
       5
       8
       0
       3
       7
       5
       7
       2
       1
       3
       4
       0
       2
       3
       2
       7
       2
       2
       3
       4
       4
       5
       1
       4
       6
       5
       4
       4
       6
       3
       4
       4
       3
       3
       3
       1
       2
       5
       9
       1
       4
       7
       4
       4
       1
       4
       3
       3
       3
       7
       5
       3
       5
       2
       4
       0
       4
       3
       3
       3
       5
       4
       4
       1
       3
       7
      10
       4
       8
       4
       1
       4
       5
       4
       4
       4
       4
       3
       3
       2
       2
       1
       4
       7
       5
       8
       4
       2
      11
       3
       2
       4
       5
       4
       6
       2
       2
       3
       1
       1
       2
       0
       3
       1
       0
       0
       0
       0
       0
       0
       0
       0
       0
       0
       0
       0
       0
       0
       0
       0
       0
       0
       0
       0
       0
       0
       0
       0
       0
       0
       0
       0
       0
       0
       0
       0
       0
       1
       0
       0
       0
       0
       0
       0
       0
       0
       0
       0
       0
       0
       0
       0
       0
       0
       0
       0
       0
       0
       0
       0
       0
       0
       0
       0
       0
       0
       0
       0
       0
       0
       0
       0
       0
       0
       0
       0
       0
       0
       0
       0
       0
       0
       0
       0
       0
       0
       0
       0
       0
       0
       0
       0
       0
       0
       0
       0
       0
       0
       0
       0
       0
       0
       0
       0
       0
       0
       0
       0
       0
       0
       0
       0
       0
       0
       0
       0
       0
       0
       0
       0
       0
       0
       0
       0
       0
       0
       0
       0
       0
       0
       0
       0
       0
       0
       0
       0
       0
       0
       0
       0
       0
       0
       0
       0
       0
       0
       0
       0
       0
       0
       0
       0
       0
       0
       0
       0
       0
       0
       0
       0
       0
       0
       0
       0
       0
       0
       0
       0
       0
       0
       0
       0
       0
       0
       0
       0
       0
       0
       0
       0
       0
       0
       0
       0
       0
       0
       0
       0
       0
       0
       0
       0
       0
       0
       0
       0
       0
       0
       0
       0
       0
       0
       0
       0
       0
       0
       0
       0
       0
       0
       0
       0
       0
       0
       0
       0
       0
       0
       0
       0
       0
       0
       0
       0
       0
       0
       0
       0
       0
       0
       0
       0
       0
       0
       0
       0
       0
       0
       0
       0
       0
       0
       0
       0
       0
       0
       0
       0
       0
       0
       0
       0
       0
       0
       0
       0
       0
       0
       0
       0
       0
       0
       0
       0
       0
       0
       0
       0
       0
       0
       0
       0
       0
       0
       0
       0
       0
       0
       0
       0
       0
       0
       0
       0
       0
       0
       0
       0
       0
       0
       0
       0
       0
       0
       0
       0
       0
       0
       0
       0
       0
       0
       0
       0
       0
       0
       0
       0
       0
       0
       0
       0
       0
       0
       0
       0
       0
       0
       0
       0
       0
       0
       0
       0
       0
       0
       0
       0
       0
       0
       0
       0
       0
       0
       0
       0
       0
       0
       0
       0
       0
       0
       0
       0
       0
       0
       0
       0
       0
       0
       0
       0
       0
       0
       0
       0
       0
       0
       0
       0
       0
       0
       0
       0
       0
       0
       0
       0
       0
       0
       0
       0
       0
       0
       0
       0
       0
       0
       0
       0
       0
       0
       0
       0
       0
       0
       0
       0
       0
       0
       0
       0
$ROI:
1
10 10
$PRESETS:
None
0
0
$ENER_FIT:
0.000000 0.000000
$MCA_CAL:
3
0.000000E+000 0.000000E+000 0.000000E+000 
$SHAPE_CAL:
3
0.000000E+000 0.000000E+000 0.000000E+000
