$SPEC_ID:
Beryllilum 1 Calibration
$SPEC_REM:
DET# 1
DETDESC# DESKTOP-T9B70KN Easy-MCA-8k SN 15013759
AP# Maestro Version 7.01
$DATE_MEA:
01/24/2023 12:40:46
$MEAS_TIM:
337 346
$DATA:
0 2047
       0
       0
       0
       0
       0
       0
       0
       1
       1
       1
       3
       0
       0
       1
       3
       0
       2
       1
       0
       1
       1
       0
       1
       2
       2
       3
       3
       1
       7
       5
       7
      11
      20
      27
      70
     122
     300
     647
    1319
    2435
    3995
    6336
    9132
   13494
   18128
   24354
   31215
   38131
   45924
   52003
   56842
   59404
   60376
   60305
   58873
   57455
   55141
   53641
   52070
   50110
   48581
   46276
   45008
   42980
   41001
   39281
   37732
   36012
   33784
   32745
   31052
   29230
   27724
   26384
   24490
   23603
   21976
   21106
   19684
   18418
   17427
   16242
   15609
   14450
   13439
   12554
   11840
   11010
   10303
    9701
    8970
    8424
    7870
    7382
    6760
    6375
    6038
    5412
    5280
    4924
    4701
    4311
    3991
    3708
    3568
    3296
    3062
    2918
    2768
    2599
    2447
    2297
    2176
    2069
    1870
    1865
    1663
    1581
    1549
    1460
    1267
    1245
    1197
    1059
    1053
     992
    1004
     873
     856
     814
     695
     755
     662
     609
     611
     565
     546
     515
     506
     478
     416
     403
     408
     388
     345
     366
     334
     302
     287
     302
     253
     229
     240
     225
     219
     214
     211
     208
     195
     181
     173
     171
     158
     142
     144
     143
     145
     120
     136
     151
     137
     115
     126
     137
     121
     117
     110
     116
      95
     119
      93
     102
     113
      98
      93
      87
      98
      91
      89
      87
     101
      95
      81
      79
      81
      82
      86
      71
      81
      59
      77
      89
      88
      57
      66
      71
      57
      77
      54
      68
      63
      56
      59
      62
      56
      59
      57
      59
      55
      65
      50
      50
      41
      66
      44
      59
      37
      47
      53
      51
      50
      48
      55
      45
      43
      49
      48
      70
      41
      38
      42
      48
      35
      45
      54
      38
      37
      39
      53
      43
      46
      33
      44
      47
      49
      32
      48
      41
      52
      51
      48
      46
      44
      64
      54
      63
      57
      63
      39
      44
      63
      67
      67
      60
      59
      40
      57
      60
      52
      51
      65
      77
      67
      67
      60
      64
      57
      53
      72
      52
      49
      62
      48
      50
      49
      56
      55
      62
      43
      38
      45
      33
      43
      41
      33
      41
      38
      27
      32
      41
      33
      34
      32
      32
      28
      36
      37
      41
      34
      34
      31
      42
      33
      36
      37
      36
      20
      36
      33
      42
      30
      35
      18
      29
      42
      32
      26
      46
      36
      30
      38
      31
      38
      24
      27
      21
      25
      28
      24
      30
      31
      30
      27
      28
      22
      18
      35
      30
      22
      30
      14
      30
      16
      21
      24
      14
      22
      15
      24
      24
      16
      18
      23
      20
      14
      31
      24
      23
      21
      21
      22
      16
      25
      25
      21
      24
      22
      18
      26
      20
      32
      25
      21
      25
      16
      20
      20
      21
      22
      15
      20
      20
      25
      29
      19
      23
      21
      29
      14
      19
      22
      17
      24
      20
      14
      20
      19
      17
      16
      28
      20
      25
      15
      14
      18
      27
      21
      18
      18
      21
      13
      22
      15
      22
      21
      23
      21
      23
      15
      19
      21
      16
      14
      11
      17
      12
      20
      12
      24
      14
      13
      19
      17
      17
      19
      17
      17
      17
      20
      23
      17
      18
      21
      21
      20
      14
      17
      25
      19
      16
      24
      18
      16
      14
      17
      22
      14
      16
      16
      21
      16
      19
      13
      10
      15
      17
      11
      20
      22
      19
      19
      17
      24
      15
      17
      12
      24
      22
      19
      25
      22
      19
      16
      18
      22
      14
      11
      15
      22
      22
      15
      16
      17
      20
      14
      22
       7
      16
      15
      17
      18
      17
      14
      17
       8
      14
      19
      15
      19
      22
      15
      19
      23
      13
      16
      14
      17
      21
      18
      17
      19
      17
      17
      18
      15
      20
      18
      14
      22
      14
       7
      19
      17
      10
      12
      16
      12
      15
      19
       8
      18
      16
      11
      14
      11
      10
      15
      12
      15
      11
      10
      13
      16
      14
      15
      10
      17
      12
      11
      14
      11
      15
      10
      11
      10
       6
      12
      12
      14
       9
      12
      20
      10
       9
      11
      14
      10
      11
      13
      17
      19
      12
      12
       6
       3
      13
       9
      15
       7
      15
      11
      15
      11
       9
      21
      11
      16
      10
      10
      12
      10
      12
      10
       8
      15
      13
       7
      12
       5
      17
      13
      11
      11
       7
       8
      11
      10
      10
       7
      15
      10
       8
      20
       4
      18
      11
      13
       9
       6
       9
       7
      10
       6
       6
      17
       5
      11
       6
       9
       8
      11
       8
      11
      12
       5
      14
      13
      11
      16
      10
       4
       6
      11
      12
       6
       5
      13
       9
       4
       8
      13
      10
       8
       9
       9
       7
       7
      13
       6
       6
       8
       9
       9
      10
      13
       7
      16
       8
       7
       8
       9
       8
      10
       8
       9
      11
      12
      11
       9
      10
       6
      10
       4
       7
       8
      10
      11
       9
       5
       8
      12
      11
       9
      10
       6
      15
       9
       7
       8
       7
       8
       5
      10
      11
       8
      14
      14
      12
      10
       5
       8
      11
       6
      15
       5
      12
       7
       6
       6
      16
       8
       4
      11
      15
      12
      11
      12
       8
       8
      12
      13
      12
       7
      13
      10
      15
       9
      14
       7
      12
      11
      15
      10
      16
      14
      17
      19
      13
      17
      20
      14
       4
      12
      16
      10
      20
      17
       8
      18
      15
      12
      20
      13
      21
      20
      17
      16
      16
      26
      13
      12
      18
      19
      19
      15
      23
      14
      21
      15
      15
      14
      13
      12
      15
      18
      11
      17
      15
      17
      11
      15
      11
      13
       9
       9
      17
      14
       8
       9
       8
       8
      11
       8
      10
       7
      11
       6
      11
       6
      11
       9
       9
      10
      10
       5
       7
       9
      11
      10
       7
       7
       7
       6
       9
       2
       9
       9
       6
       9
       5
       7
       5
       5
       9
       9
       9
       8
       8
       5
       4
      10
       6
       4
       1
       4
       5
       5
       7
       7
       3
       9
       5
       7
      10
       7
       3
       6
       6
       6
       7
       9
       5
       8
       6
       9
       5
       6
       6
       9
       3
       6
       4
       4
       2
       3
       4
       5
       6
       4
       4
       4
       1
       4
       4
       2
       8
       2
       6
       7
       4
       5
       3
       3
       2
       6
       7
       5
      10
       6
       3
       6
       5
       7
       5
       3
       4
       6
       8
       5
       3
       1
       1
       4
       3
       7
       5
       6
       3
       3
       4
       3
       8
       3
       6
       6
       4
       3
       8
       7
       4
       2
       7
      10
      11
       4
       4
       2
       5
       7
       3
      12
       4
       5
       4
       4
       5
       6
       5
       7
       6
       6
       4
       4
       8
       6
       3
       6
       6
       6
       7
       5
       8
       4
       8
       5
       2
       4
       6
       1
       2
       0
       9
       5
       5
       8
       5
       4
       3
       2
       6
       5
       7
       5
       3
       3
       8
       7
       5
       4
       2
       6
       4
       7
       1
       4
       1
       4
       1
       4
       3
       4
       7
       3
       4
       8
       3
       3
       6
       3
       5
       4
       4
       5
       1
       3
       1
       4
       2
       3
       2
       2
       1
       4
       4
       7
       3
       5
       5
       4
       2
       5
       6
       2
       2
       7
       2
       4
       7
       2
       4
       2
       6
       4
       7
       5
       4
       1
       6
       3
       2
       4
       4
       6
       4
       5
       7
       2
       4
       4
       5
       6
       2
       1
       1
       3
       6
       5
       2
       3
       5
       5
       0
       6
       3
       6
       0
       7
       6
       1
       2
       7
       5
       5
       4
       6
       7
       5
       3
       2
       4
       1
       0
       1
       5
       3
       1
       3
       1
       2
       4
       5
       2
       4
       3
       3
       5
       3
       2
       4
       6
       2
       3
       2
       4
       4
       3
       6
       1
       2
       3
       3
       4
       4
       4
       2
       2
       2
       2
       2
       2
       3
       3
       7
       3
       4
       5
       4
       5
       3
       2
       4
       4
       4
       3
       5
       5
       6
       4
       2
       2
       5
       1
       4
       4
       6
       4
       5
       3
       2
       2
       3
       4
       4
       3
       1
       4
       2
       1
       1
       3
       4
       2
       3
       4
       1
       1
       7
       5
       6
       7
       3
       8
       6
       6
       3
       6
       0
       7
       7
       5
       2
       2
       3
       5
       2
       0
       3
       2
       2
       4
       1
       7
       5
       5
       5
       3
       3
       6
       4
       5
       8
       3
       4
       7
       1
       8
       3
       2
       5
       4
       4
       3
       3
       5
       3
       5
       6
       4
       6
       8
       6
       5
       7
       4
       4
       4
       3
       3
       4
       6
       2
       6
       3
       7
       1
       7
       7
       7
       4
      10
       5
      10
       5
       4
       5
       8
       6
       4
       4
       5
       6
       1
       4
       4
       3
       6
       2
       8
       2
       7
       8
       3
       6
       4
       2
       5
       6
       3
       3
       4
       2
       3
       3
       7
       2
       0
       3
       4
       3
       1
       2
       3
       2
       4
       2
       3
       1
       2
       1
       4
       5
       3
       3
       2
       4
       1
       4
       5
       4
       1
       1
       2
       1
       4
       2
       1
       4
       4
       0
       3
       2
       2
       9
       3
       4
       3
       2
       1
       2
       2
       3
       3
       8
       0
       1
       2
       3
       4
       4
       1
       1
       2
       2
       4
       6
       1
       4
       2
       5
       2
       3
       2
       5
       2
       5
       3
       4
       4
       3
       4
       2
       1
       2
       3
       1
       1
       4
       5
       3
       4
       7
       6
       1
       2
       3
       2
       5
       4
       4
       5
       0
       4
       3
       1
       3
       2
       2
       4
       1
       5
       6
       0
       6
       4
       4
       0
       3
       6
       2
       4
       5
       3
       4
       1
       9
       2
       1
       2
       2
       1
       4
       1
       2
       1
       1
       5
       3
       3
       5
       2
       0
       5
       2
       1
       2
       3
       2
       2
       3
       3
       5
       1
       4
       1
       3
       4
       3
       1
       3
       5
       1
       1
       3
       2
       2
       1
       3
       1
       2
       0
       2
       0
       1
       4
       2
       1
       3
       4
       2
       0
       5
       3
       1
       1
       2
       1
       1
       3
       6
       0
       3
       0
       4
       0
       1
       1
       1
       4
       2
       4
       2
       3
       4
       3
       2
       1
       4
       1
       4
       2
       2
       2
       2
       4
       2
       1
       0
       1
       0
       2
       1
       5
       2
       6
       3
       2
       2
       2
       1
       1
       6
       3
       4
       4
       2
       1
       3
       1
       2
       0
       1
       3
       6
       0
       1
       2
       2
       3
       1
       1
       3
       1
       1
       2
       2
       1
       4
       3
       1
       2
       2
       2
       5
       3
       2
       3
       2
       0
       2
       2
       1
       2
       5
       0
       1
       3
       6
       0
       1
       3
       1
       0
       1
       1
       3
       4
       1
       4
       2
       1
       1
       0
       1
       2
       1
       1
       2
       3
       2
       2
       3
       0
       3
       3
       2
       2
       3
       0
       0
       0
       1
       2
       0
       2
       1
       2
       1
       2
       2
       2
       1
       4
       1
       2
       5
       1
       3
       1
       0
       1
       2
       1
       2
       1
       3
       3
       0
       1
       1
       1
       1
       0
       4
       0
       1
       0
       1
       0
       0
       0
       0
       0
       0
       0
       0
       0
       0
       0
       0
       0
       0
       0
       0
       0
       0
       1
       0
       0
       0
       0
       0
       0
       0
       0
       0
       0
       0
       0
       0
       0
       0
       0
       0
       0
       0
       0
       0
       0
       0
       0
       0
       0
       0
       0
       0
       0
       0
       0
       0
       0
       0
       0
       0
       0
       0
       0
       0
       0
       0
       0
       0
       0
       0
       0
       0
       0
       0
       0
       0
       0
       0
       0
       0
       0
       0
       0
       0
       0
       0
       0
       0
       0
       0
       0
       0
       0
       0
       0
       0
       0
       0
       0
       0
       0
       0
       0
       0
       0
       0
       0
       0
       0
       0
       0
       0
       0
       0
       0
       0
       0
       0
       0
       0
       0
       0
       0
       0
       0
       0
       0
       0
       0
       0
       0
       0
       0
       0
       0
       0
       0
       0
       0
       0
       0
       0
       0
       0
       0
       0
       0
       0
       0
       0
       0
       0
       0
       0
       0
       0
       0
       0
       0
       0
       0
       0
       0
       0
       0
       0
       0
       0
       0
       0
       0
       0
       0
       0
       0
       0
       0
       0
       0
       0
       0
       0
       0
       0
       0
       0
       0
       0
       0
       0
       0
       0
       0
       0
       0
       0
       0
       0
       0
       0
       0
       0
       0
       0
       0
       0
       0
       0
       0
       0
       0
       0
       0
       0
       0
       0
       0
       0
       0
       0
       0
       0
       0
       0
       0
       0
       0
       0
       0
       0
       0
       0
       0
       0
       0
       0
       0
       0
       0
       0
       0
       0
       0
       0
       0
       0
       0
       0
       0
       0
       0
       0
       0
       0
       0
       0
       0
       0
       0
       0
       0
       0
       0
       0
       0
       0
       0
       0
       0
       0
       0
       0
       0
       0
       0
       0
       0
       0
       0
       0
       0
       0
       0
       0
       0
       0
       0
       0
       0
       0
       0
       0
       0
       0
       0
       0
       0
       0
       0
       0
       0
       0
       0
       0
       0
       0
       0
       0
       0
       0
       0
       0
       0
       0
       0
       0
       0
       0
       0
       0
       0
       0
       0
       0
       0
       0
       0
       0
       0
       0
       0
       0
       0
       0
       0
       0
       0
       0
       0
       0
       0
       0
       0
       0
       0
       0
       0
       0
       0
       0
       0
       0
       0
       0
       0
       0
       0
       0
       0
       0
       0
       0
       0
       0
       0
       0
       0
       0
       0
       0
       0
       0
       0
       0
       0
       0
       0
       0
       0
       0
       0
       0
       0
       0
       0
       0
       0
       0
       0
       0
       0
       0
       0
       0
       0
$ROI:
1
10 10
$PRESETS:
None
0
0
$ENER_FIT:
0.000000 0.000000
$MCA_CAL:
3
0.000000E+000 0.000000E+000 0.000000E+000 
$SHAPE_CAL:
3
0.000000E+000 0.000000E+000 0.000000E+000
