$SPEC_ID:
Beryllilum 1 Calibration
$SPEC_REM:
DET# 1
DETDESC# DESKTOP-T9B70KN Easy-MCA-8k SN 15013759
AP# Maestro Version 7.01
$DATE_MEA:
01/24/2023 12:47:13
$MEAS_TIM:
461 476
$DATA:
0 2047
       0
       0
       0
       0
       1
       2
       0
       0
       0
       0
       1
       1
       2
       1
       0
       0
       1
       3
       1
       0
       3
       1
       0
       3
       2
       1
       5
       5
       8
       7
      20
      17
      41
      61
     143
     306
     624
    1364
    2587
    4351
    7034
   10650
   15492
   21739
   28729
   37037
   46693
   55674
   64469
   71071
   75382
   77925
   78206
   77236
   74932
   73606
   71134
   69174
   66825
   63846
   61973
   59885
   57699
   55375
   53290
   51279
   48429
   46221
   44318
   42373
   40195
   38408
   36555
   34745
   32568
   31266
   29427
   27959
   26252
   25075
   23457
   22081
   20766
   19411
   18216
   17095
   16134
   15273
   14176
   13386
   12427
   11711
   11112
   10309
    9525
    9120
    8458
    7999
    7549
    6954
    6551
    6186
    5749
    5432
    5049
    4756
    4623
    4172
    4131
    3779
    3564
    3443
    3229
    2984
    2867
    2695
    2547
    2355
    2346
    2122
    1913
    1809
    1768
    1772
    1611
    1589
    1521
    1359
    1286
    1239
    1135
    1067
    1019
     960
     937
     838
     837
     815
     714
     706
     646
     630
     592
     561
     535
     534
     443
     476
     410
     398
     406
     402
     340
     351
     317
     269
     299
     263
     277
     248
     262
     243
     249
     233
     204
     194
     194
     171
     181
     166
     175
     177
     163
     154
     149
     148
     152
     125
     133
     138
     121
      99
     120
     128
     116
     115
     123
     120
     116
     105
     104
     105
      98
      77
      86
     100
      77
      80
      74
      85
      87
      74
      74
      75
      73
      77
      82
      76
      76
      66
      76
      62
      66
      51
      54
      67
      53
      70
      63
      58
      62
      60
      65
      61
      44
      64
      44
      55
      62
      55
      53
      49
      54
      57
      55
      52
      42
      38
      58
      56
      40
      48
      71
      52
      56
      55
      44
      53
      42
      51
      44
      51
      47
      52
      50
      52
      55
      48
      64
      48
      40
      56
      60
      42
      54
      51
      61
      47
      70
      59
      60
      56
      60
      72
      74
      77
      66
      57
      65
      91
      80
      71
      79
      82
      80
      68
      68
      76
      71
      61
      73
      50
      72
      59
      65
      48
      59
      49
      57
      55
      48
      52
      48
      46
      51
      36
      43
      32
      40
      28
      34
      31
      30
      38
      44
      40
      39
      36
      38
      37
      34
      33
      36
      25
      29
      37
      33
      35
      40
      41
      33
      35
      29
      31
      25
      38
      34
      28
      35
      29
      31
      33
      39
      33
      26
      20
      34
      36
      40
      25
      28
      30
      25
      24
      18
      29
      26
      23
      28
      17
      21
      28
      30
      21
      30
      22
      20
      27
      26
      20
      25
      28
      21
      16
      32
      20
      15
      21
      18
      19
      17
      20
      20
      36
      19
      24
      28
      21
      26
      21
      20
      16
      24
      12
      18
      21
      25
      21
      28
      20
      21
      24
      26
      20
      21
      20
      31
      23
      25
      16
      22
      20
      20
      21
      22
      25
      24
      29
      30
      18
      21
      19
      16
      20
      19
      16
      26
      29
      11
      19
      18
      19
      15
      15
      29
      17
      20
      22
      16
      23
      16
      24
      18
      20
      17
      20
      19
      24
      17
      12
      14
      23
      19
      18
      13
      17
      23
      11
      20
      14
      16
      15
      26
      24
      18
      22
      14
      18
      16
      21
      19
      25
      26
      16
      18
      14
      16
      17
      26
      20
      13
      16
      17
      14
      11
      14
      18
      23
      17
      23
      15
      18
      19
      17
      15
      18
      18
      14
      16
      21
      24
      15
      24
      27
      18
      14
      20
      17
      17
      17
      14
      14
      19
      26
      22
      14
      29
      22
      10
      19
      18
      17
      20
      24
      15
      20
      15
      17
      18
      19
      14
      10
      21
      19
      14
      14
      18
      17
      17
       9
      12
      18
      12
      20
      22
      12
      13
      13
      17
       9
      27
      15
      17
      16
      14
       7
      14
       9
      14
      13
       9
      16
      16
      20
       8
       9
      10
       9
      14
      14
      13
      10
      11
      21
      15
      12
      14
      11
      23
      12
      13
      19
      12
      13
      12
      11
       9
      18
      14
      11
      11
      18
      13
      14
      13
      11
      14
      14
      15
      11
      12
      13
      10
      14
      10
      12
      10
      10
      15
      14
      12
      16
      12
      25
      15
      11
      11
      13
      14
      13
       7
      11
      15
       8
      10
       9
       8
       4
      13
       7
      14
       9
       9
      18
       9
       8
      10
       9
      12
      18
       8
       9
      16
       7
      11
       9
       8
      12
      10
      14
      13
      14
      13
       8
       8
      10
      10
       8
       6
      12
      14
      11
      13
      10
      14
      10
      15
       9
      17
      10
      14
      11
       9
      11
      10
       7
       9
      11
      13
      11
       9
      12
      10
       9
      13
      12
      10
       9
       5
       9
       6
      12
      19
       8
      13
      12
      21
       7
      10
      12
      15
       8
       9
      12
      13
      12
      11
      15
      10
       7
       6
      10
      11
       9
       7
      11
      12
      10
       8
      10
       9
      11
       9
      13
      16
      17
      10
      13
      11
       7
       4
       8
       9
      10
       7
      11
       7
      14
      12
      11
       7
       9
       7
      10
       7
       8
       9
       5
      12
       8
       4
       9
       8
      16
      16
       7
      14
      15
       8
       9
      15
       9
       9
       8
      12
      12
      21
      21
      14
      14
      14
      12
      16
      12
      16
      15
      13
      11
      22
      12
      18
      15
      15
      22
      30
      10
      22
      17
      14
      15
      15
      16
      22
      22
      16
      21
      16
      24
      23
      19
      29
      16
      20
      24
      16
      14
      21
      18
      12
      21
      21
      26
      15
      12
      13
      12
      16
      15
      11
      22
      18
      15
      18
       7
      14
      16
      12
       8
      14
       9
       9
      14
      15
       9
      14
      12
      16
      11
      12
      10
      11
      10
       5
      13
      18
      12
      15
       8
      13
      10
       6
      10
       6
      11
       9
      12
       5
       7
      10
       5
       5
       3
       5
      11
       6
       7
      11
      11
       3
       7
       6
       6
      10
       8
       5
       4
       8
       3
       4
       4
       5
       8
      11
       7
      11
      10
       8
       4
       6
       8
       6
      11
       6
       7
       8
       9
      10
       4
       7
       7
       7
       5
      11
       5
       6
       4
       1
       9
       3
       6
       7
       4
       6
       7
       7
       3
       4
       4
       4
       3
       7
       6
       8
       6
      12
       8
       6
       4
       9
       5
       3
       7
       2
       7
       9
       7
       8
      10
       5
       7
       7
       9
       6
       8
       7
       7
      11
       8
       9
       5
       9
      10
       5
       5
      13
      11
       7
       9
       8
       9
       8
       4
       9
       5
       8
      15
       5
      13
       8
       9
       6
      15
       9
       6
       7
       7
      13
       5
       3
       5
      14
       9
       4
       5
      10
       7
       8
       6
      12
       9
       6
       9
      10
      10
      13
       6
      10
       7
       9
      11
      10
       5
       6
      10
       4
       9
       4
       5
      14
      11
       6
       7
      10
       3
       4
       8
       7
      12
       9
       6
       3
       9
       7
       3
      13
       9
       3
       7
       6
       7
       6
       5
       8
       9
       4
       6
       6
       7
       8
       7
      10
       3
       5
       7
       5
       2
       3
       5
       4
       3
       8
       4
       6
       2
       7
       3
       5
      10
       8
      13
       7
       3
       6
       8
       4
       6
      10
       5
       5
       5
       7
       7
       8
       6
       7
       5
       6
       4
       3
       5
       6
       3
       6
       6
       4
       4
       5
       5
       7
       7
       4
       5
       5
       6
       6
       7
       4
       6
       8
       9
       6
       8
       8
       6
       7
       6
       4
       5
       4
       4
       7
       6
       6
       4
       4
       6
       6
       1
       7
       4
       4
       5
       1
       3
       4
       4
       5
       4
       8
      10
       3
       1
       7
       7
       4
       3
       8
       8
       3
       2
       4
       7
       3
       2
       7
       6
       4
       5
       4
       6
       4
       3
       6
       3
       3
       8
       5
       3
       7
       5
       3
       4
       6
       7
       6
       2
       7
       4
       3
       5
       1
       3
       0
       3
       3
       1
       4
       5
       9
       2
       5
       4
       7
       1
       4
       4
       6
       3
       8
       5
       5
       5
       3
       3
       5
       3
       7
       6
       8
       3
       6
       3
       5
       5
       7
       2
       4
       4
       6
       1
       3
       8
       6
       7
       3
       5
       7
       5
       4
       5
       4
       7
       3
       9
       7
       3
       7
       6
       2
      13
      10
      11
       5
       5
      11
      11
       4
       5
      13
      10
       8
      10
       7
       6
       8
       9
      11
       7
      11
       5
      13
       6
       7
       5
       8
      14
      12
      10
      10
       5
      11
       9
      12
      13
      10
      16
      11
      15
      10
      16
       6
      11
      14
      18
       7
       2
      15
      13
       8
      14
      13
       6
      13
       6
       7
       8
      10
      11
      14
       9
       5
       7
      10
       8
       7
      13
       6
       7
       8
       7
       5
      17
       8
       9
      13
       6
       4
      11
       7
       4
      10
       3
       6
       4
       8
       8
       9
       3
       5
       1
       4
       6
       6
       5
       4
       6
       2
       9
       5
       5
       1
       5
       2
       1
       3
       5
       1
       4
       3
       1
       6
       2
       6
       2
       3
       2
       5
       0
       2
       4
       2
       4
       3
       4
       5
       5
       3
       4
       1
       2
       4
       4
       1
       2
       6
       4
       2
       2
       3
       1
       0
       4
       1
       3
       4
       2
       3
       2
       0
       1
       3
       2
       2
       3
       2
       3
       4
       2
       2
       2
       3
       2
       1
       2
       2
       1
       1
       2
       2
       4
       1
       3
       0
       2
       0
       2
       1
       5
       2
       4
       4
       6
       3
       3
       3
       2
       3
       2
       3
       5
       0
       0
       2
       1
       2
       4
       4
       1
       2
       3
       2
       3
       2
       1
       3
       3
       1
       5
       4
       4
       1
       3
       2
       6
       3
       3
       3
       1
       1
       3
       3
       1
       0
       2
       0
       2
       0
       2
       5
       0
       1
       2
       3
       2
       4
       1
       4
       1
       4
       0
       4
       3
       4
       6
       1
       0
       3
       2
       1
       2
       2
       4
       2
       1
       0
       2
       0
       4
       1
       2
       0
       2
       2
       0
       1
       2
       3
       1
       1
       1
       4
       1
       2
       3
       3
       0
       0
       1
       3
       0
       1
       1
       2
       2
       4
       3
       1
       0
       1
       1
       4
       1
       4
       1
       2
       2
       2
       1
       2
       2
       3
       5
       4
       3
       5
       1
       1
       5
       6
       1
       2
       2
       1
       2
       2
       3
       1
       1
       1
       0
       0
       2
       1
       1
       3
       4
       2
       2
       2
       0
       1
       2
       1
       1
       2
       4
       2
       1
       3
       0
       1
       2
       1
       2
       2
       4
       3
       1
       1
       2
       2
       1
       0
       1
       1
       1
       3
       1
       2
       3
       4
       5
       2
       0
       2
       1
       1
       2
       2
       1
       2
       0
       3
       0
       2
       1
       1
       1
       1
       1
       1
       0
       1
       1
       1
       1
       2
       2
       1
       3
       0
       1
       4
       1
       1
       0
       1
       2
       2
       1
       0
       2
       3
       0
       1
       0
       1
       3
       0
       2
       1
       0
       1
       0
       0
       0
       2
       0
       1
       1
       1
       1
       0
       1
       1
       0
       0
       0
       0
       0
       0
       0
       0
       0
       0
       0
       0
       0
       0
       0
       0
       0
       0
       0
       0
       0
       0
       0
       0
       0
       0
       0
       0
       0
       0
       0
       0
       0
       0
       0
       0
       0
       0
       0
       0
       0
       0
       0
       0
       0
       0
       0
       0
       0
       0
       0
       0
       0
       0
       0
       0
       0
       0
       0
       0
       0
       0
       0
       0
       0
       0
       0
       0
       0
       0
       0
       0
       0
       0
       0
       0
       0
       0
       0
       0
       0
       0
       0
       0
       0
       0
       0
       0
       0
       0
       0
       0
       0
       0
       0
       0
       0
       0
       0
       0
       0
       0
       0
       0
       0
       0
       0
       0
       0
       0
       0
       0
       0
       0
       0
       0
       0
       0
       0
       0
       0
       0
       0
       0
       0
       0
       0
       0
       0
       0
       0
       0
       0
       0
       0
       0
       0
       0
       0
       0
       0
       0
       0
       0
       0
       0
       0
       0
       0
       0
       0
       0
       0
       0
       0
       0
       0
       0
       0
       0
       0
       0
       0
       0
       0
       0
       0
       0
       0
       0
       0
       0
       0
       0
       0
       0
       0
       0
       0
       0
       0
       0
       0
       0
       0
       0
       0
       0
       0
       0
       0
       0
       0
       0
       0
       0
       0
       0
       0
       0
       0
       0
       0
       0
       0
       0
       0
       0
       0
       0
       0
       0
       0
       0
       0
       0
       0
       0
       0
       0
       0
       0
       0
       0
       0
       0
       0
       0
       0
       0
       0
       0
       0
       0
       0
       0
       0
       0
       0
       0
       0
       0
       0
       0
       0
       0
       0
       0
       0
       0
       0
       0
       0
       0
       0
       0
       0
       0
       0
       0
       0
       0
       0
       0
       0
       0
       0
       0
       0
       0
       0
       0
       0
       0
       0
       0
       0
       0
       0
       0
       0
       0
       0
       0
       0
       0
       0
       0
       0
       0
       0
       0
       0
       0
       0
       0
       0
       0
       0
       0
       0
       0
       0
       0
       0
       0
       0
       0
       0
       0
       0
       0
       0
       0
       0
       0
       0
       0
       0
       0
       0
       0
       0
       0
       0
       0
       0
       0
       0
       0
       0
       0
       0
       0
       0
       0
       0
       0
       0
       0
       0
       0
       0
       0
       0
       0
       0
       0
       0
       0
       0
       0
       0
       0
       0
       0
       0
       0
       0
       0
       0
       0
       0
       0
       0
       0
       0
       0
       0
       0
       0
       0
       0
       0
       0
       0
       0
       0
       0
       0
       0
       0
       0
       0
       0
       0
       0
       0
       0
       0
       0
       0
       0
$ROI:
1
10 10
$PRESETS:
None
0
0
$ENER_FIT:
0.000000 0.000000
$MCA_CAL:
3
0.000000E+000 0.000000E+000 0.000000E+000 
$SHAPE_CAL:
3
0.000000E+000 0.000000E+000 0.000000E+000
