$SPEC_ID:
Beryllilum 1 Calibration
$SPEC_REM:
DET# 1
DETDESC# DESKTOP-T9B70KN Easy-MCA-8k SN 15013759
AP# Maestro Version 7.01
$DATE_MEA:
01/24/2023 12:55:24
$MEAS_TIM:
498 527
$DATA:
0 2047
       0
       0
       0
       2
       0
       1
       3
       1
       1
       3
       0
       1
       4
       4
       1
       1
       2
       7
       2
       1
       3
       5
       3
       4
       5
      10
      10
      11
      22
      25
      57
     126
     229
     504
    1018
    2069
    3781
    6898
   11213
   17582
   25865
   35861
   47795
   60516
   74626
   88901
  102039
  113526
  122534
  127475
  130266
  130662
  128984
  125873
  123116
  120400
  116920
  113067
  109831
  105701
  102450
   98764
   95173
   91793
   87890
   84404
   80880
   78147
   74462
   71086
   67794
   64710
   61604
   59468
   55682
   53128
   50561
   48257
   45618
   43220
   41303
   38869
   37098
   34882
   33132
   30978
   29128
   27490
   25790
   24473
   23150
   21583
   20886
   19535
   18349
   17312
   16523
   15270
   14594
   13797
   13030
   12236
   11616
   10787
   10440
    9684
    9241
    8780
    8152
    7591
    7457
    7250
    6611
    6325
    6043
    5690
    5539
    5261
    5078
    4497
    4442
    4071
    4078
    3783
    3595
    3407
    3267
    2962
    2922
    2803
    2684
    2520
    2433
    2231
    2218
    2043
    2019
    1833
    1793
    1669
    1546
    1497
    1392
    1334
    1250
    1234
    1163
    1073
    1037
    1009
     989
     863
     903
     881
     712
     697
     650
     650
     641
     638
     570
     562
     536
     466
     463
     433
     429
     385
     432
     373
     341
     355
     296
     297
     318
     265
     288
     296
     289
     254
     221
     217
     240
     218
     207
     203
     188
     154
     188
     192
     150
     153
     175
     153
     142
     160
     152
     134
     141
     130
     131
     116
     124
     121
     110
     105
     101
     118
      99
     109
     104
     103
     115
      69
      94
      82
      79
      83
      95
      67
      72
      87
      79
      83
      85
      69
      77
      76
      80
      62
      74
      74
      77
      67
      86
      58
      66
      81
      55
      68
      72
      63
      64
      78
      69
      58
      69
      81
      62
      53
      60
      61
      59
      56
      58
      70
      67
      68
      71
      70
      63
      67
      94
      84
     101
      94
     106
      92
     128
     103
     113
     129
     148
     121
     144
     117
     143
     146
     151
     130
     133
     130
     145
     152
     131
     128
     131
     136
     146
     119
     125
     116
     102
      95
     115
      97
      93
      96
      92
      98
      79
      64
      69
      71
      89
      72
      57
      48
      50
      54
      63
      50
      62
      45
      40
      52
      46
      47
      48
      39
      45
      31
      38
      48
      44
      31
      45
      45
      47
      52
      45
      50
      44
      40
      50
      32
      36
      47
      42
      39
      36
      39
      43
      45
      39
      32
      40
      48
      32
      39
      38
      36
      40
      38
      22
      37
      33
      23
      36
      35
      43
      31
      42
      37
      30
      22
      38
      32
      38
      31
      29
      33
      31
      20
      23
      19
      38
      29
      22
      38
      40
      26
      31
      24
      28
      26
      28
      28
      20
      31
      25
      23
      19
      29
      26
      31
      20
      30
      24
      23
      28
      23
      22
      27
      25
      19
      20
      21
      26
      21
      26
      33
      21
      23
      33
      28
      19
      25
      30
      19
      25
      20
      34
      27
      25
      27
      24
      25
      26
      25
      23
      20
      25
      22
      33
      21
      31
      23
      27
      25
      24
      20
      23
      33
      24
      25
      25
      20
      29
      21
      27
      24
      20
      23
      25
      26
      27
      24
      23
      15
      24
      22
      16
      23
      23
      33
      26
      22
      24
      21
      26
      20
      17
      26
      18
      28
      28
      24
      27
      21
      30
      21
      17
      22
      27
      23
      25
      25
      20
      29
      22
      23
      10
      26
      25
      25
      13
      20
      26
      32
      23
      27
      17
      25
      25
      20
      25
      23
      21
      15
      20
      31
      18
      21
      20
      27
      16
      20
      27
      23
      23
      22
      28
      14
      17
      24
      20
      18
      20
      12
      22
      20
      18
      19
      25
      16
      31
      18
      29
      30
      18
      21
      19
      16
      20
      14
      20
      13
      20
      25
      21
      19
      24
      18
      22
      15
      19
      20
      20
      16
      18
      19
      22
      14
      30
      20
      21
      16
      22
      24
      11
      28
      18
      14
      22
      10
      23
      23
      21
      21
      14
      10
      20
      18
      19
      35
      13
      22
      19
      20
      12
      13
      16
      20
      15
      18
      17
      20
      17
      24
      24
      19
      18
      20
      18
      27
      14
      21
      23
      21
      17
      15
      19
      29
      11
      24
      25
      17
      15
      19
      19
      14
      18
      13
      18
      30
      12
      18
      22
      15
      20
      14
      16
      12
      18
      20
      14
      22
      18
      15
      28
      15
      16
      18
      21
      19
      12
      18
      19
      13
      19
      13
      13
      13
      13
      18
      14
      18
      17
      21
      18
      23
      16
      13
      15
      17
      21
      14
      17
      19
      18
      20
      14
      21
      21
      15
      17
      10
      24
      16
      18
      16
      17
      12
      13
      14
      19
      24
      12
      18
      24
      18
      17
      15
      11
      20
      13
      11
      14
      16
      13
      17
      24
      17
      16
      13
      14
      23
      17
      16
      28
      11
      13
      14
      15
      13
      10
      19
      22
      19
      20
      19
      18
      13
      19
      21
      14
      22
      18
      13
      15
      23
      10
      18
      17
      20
      23
      13
      16
      22
      23
      24
      13
      16
      16
      12
      17
      18
      15
      19
      18
      16
      17
      13
      19
      19
      17
      21
      22
      18
      21
      20
      15
      22
      15
      22
      21
      15
      16
      28
      21
      16
      19
      23
      20
      18
      28
      21
      19
      13
      15
      16
      21
      24
      20
      20
      24
      27
      29
      28
      16
      18
      25
      34
      24
      27
      22
      27
      17
      25
      28
      27
      21
      21
      22
      20
      18
      22
      18
      23
      27
      35
      23
      15
      20
      29
      18
      16
      16
      28
      20
      27
      20
      20
      20
      19
      18
      25
      16
      23
      18
      18
      20
      18
      15
      13
      13
      18
      21
      16
      22
      16
      18
      25
      14
      19
      16
      20
      19
      17
      12
      22
      18
      17
      18
      10
      15
       8
      18
      15
      19
      10
      14
      14
      12
      18
      17
      13
      12
       9
      12
      17
      14
      10
      13
      17
      10
      10
      14
      11
      16
      14
      12
      20
      11
      13
      17
      18
      10
      21
      12
       8
      13
       8
      20
      15
      14
       8
      13
       8
       8
       9
      16
      10
      14
      15
      10
      12
      16
      13
      11
       9
      12
      11
       8
      11
      13
      18
      12
      13
      15
       9
       8
      12
      11
      12
      14
      13
      15
      17
      10
      12
      13
      12
      14
      11
      24
      10
      14
      15
      13
      19
      19
      14
      13
      15
      16
      13
      11
      17
      24
      22
      25
      13
      19
      11
      14
      15
      15
      13
      19
      18
      12
      14
       8
      20
      19
      22
      20
      19
      15
      11
      21
      19
      20
      20
      25
      19
      16
      17
      16
      22
      18
      14
      21
      20
      21
      18
      21
      19
      20
      24
      22
      27
      17
      11
      24
      33
      16
      19
      23
      18
      17
      18
      17
      22
      21
      21
      22
      23
      18
      19
      19
      24
      20
      16
      26
      16
      15
      21
      16
      23
      16
      21
      16
      13
      25
      20
      18
       9
      18
      14
      15
      22
      20
      20
      19
      16
      23
      17
      22
      24
      12
      18
      14
      23
      11
      18
      17
      17
      19
      16
      15
      20
      17
      19
      17
      19
      18
      13
      13
      18
      16
      19
      18
      27
       9
      20
      20
      16
      19
      13
      15
      16
      15
      16
      11
      17
      15
      17
       8
      16
      14
      14
      16
      11
      10
      14
      19
      15
      13
      17
      17
      21
      14
      14
      15
      22
      14
      14
      12
      11
      20
      11
      13
      19
      16
      11
      14
      19
       7
      17
      20
      17
      10
      11
      11
      11
      12
       5
      11
      11
      12
      16
      13
      10
      15
      13
      12
      16
      16
      10
      13
      19
      14
      14
      17
      16
       6
      11
      13
      14
      11
      14
       9
      18
      12
      12
      13
      10
       8
       9
      14
       7
       9
      14
      15
      14
       7
       6
      10
      10
      10
       8
       9
      10
      12
       7
      16
      10
       9
      11
       9
      17
       9
       7
      11
       5
      12
      11
      12
       8
      11
      10
       5
       6
      11
       3
       9
       7
      11
      12
       6
       6
       8
       2
      10
       7
       7
      12
       5
       7
       4
       7
       9
       9
       5
       7
       4
      11
       8
      11
      13
      10
      12
       8
       5
      11
       8
      14
       7
      13
      13
      13
       8
      10
       4
      12
      14
       5
      12
       3
      11
      17
      15
      17
      16
      15
      15
      19
      25
      21
      20
      17
      20
      27
      25
      17
      24
      25
      15
      25
      22
      32
      27
      24
      25
      36
      27
      23
      28
      26
      33
      27
      29
      29
      30
      30
      35
      29
      28
      41
      27
      24
      32
      23
      34
      35
      32
      32
      24
      38
      36
      32
      38
      44
      38
      42
      35
      41
      40
      33
      31
      34
      40
      43
      33
      31
      34
      29
      32
      25
      30
      36
      32
      36
      29
      37
      25
      33
      32
      33
      28
      28
      28
      29
      27
      22
      28
      11
      26
      24
      13
      25
      23
      22
      19
      22
      15
      21
      18
      17
      12
      11
      13
      13
      16
      20
      12
      11
      16
       9
      13
       9
       5
      15
      14
      11
      10
      14
      10
       7
       7
       6
      16
      10
       8
       9
       6
       5
       5
       2
       3
       5
       2
       5
       4
       4
       3
       6
       2
       6
       6
       8
       4
      11
       5
       4
       6
       7
       1
       5
       3
       0
       5
       5
       4
       4
       3
       1
       0
       4
       5
       2
       3
       6
       3
       2
       0
       7
       3
       6
       1
       1
       4
       6
       3
       4
       3
       1
       1
       2
       0
       7
       2
       2
       3
       2
       2
       5
       2
       0
       3
       1
       4
       1
       4
       2
       3
       4
       4
       3
       7
       1
       4
       2
       3
       2
       1
       5
       0
       3
       5
       3
       2
       2
       2
       2
       0
       0
       0
       4
       2
       0
       4
       3
       1
       2
       0
       2
       1
       0
       2
       3
       1
       5
       3
       2
       2
       0
       3
       1
       1
       2
       0
       0
       2
       1
       0
       1
       2
       1
       1
       3
       1
       0
       1
       3
       0
       3
       0
       1
       3
       3
       3
       4
       3
       3
       1
       3
       2
       0
       1
       1
       0
       1
       4
       2
       1
       2
       2
       1
       1
       1
       1
       2
       2
       1
       3
       2
       1
       3
       3
       4
       5
       1
       0
       2
       1
       1
       0
       2
       3
       2
       2
       2
       5
       4
       3
       0
       1
       4
       0
       0
       2
       2
       1
       1
       4
       2
       1
       4
       1
       0
       3
       0
       2
       3
       2
       2
       2
       1
       3
       1
       4
       2
       1
       2
       5
       3
       1
       2
       2
       0
       0
       2
       2
       0
       1
       1
       2
       5
       6
       2
       4
       0
       1
       2
       2
       2
       0
       1
       1
       2
       2
       0
       1
       1
       3
       4
       2
       2
       4
       1
       1
       0
       1
       1
       3
       1
       0
       0
       1
       2
       6
       1
       2
       1
       2
       1
       0
       1
       1
       0
       0
       0
       2
       0
       0
       1
       2
       1
       2
       1
       1
       0
       2
       0
       1
       2
       1
       0
       2
       0
       1
       3
       1
       1
       0
       0
       3
       0
       1
       1
       1
       0
       0
       0
       0
       0
       0
       0
       0
       0
       0
       0
       0
       0
       0
       0
       0
       0
       0
       0
       0
       0
       0
       0
       0
       0
       0
       0
       0
       1
       0
       0
       0
       0
       0
       0
       0
       0
       0
       0
       0
       0
       0
       0
       0
       0
       0
       0
       0
       0
       0
       0
       0
       0
       0
       0
       0
       0
       0
       0
       0
       0
       0
       0
       0
       0
       0
       0
       0
       0
       0
       0
       0
       0
       0
       0
       0
       0
       0
       0
       0
       0
       0
       0
       0
       0
       0
       0
       0
       0
       0
       0
       0
       0
       0
       0
       0
       0
       0
       0
       0
       0
       0
       0
       0
       0
       0
       0
       0
       0
       0
       0
       0
       0
       0
       0
       0
       0
       0
       0
       0
       0
       0
       0
       0
       0
       0
       0
       0
       0
       0
       0
       0
       0
       0
       0
       0
       0
       0
       0
       0
       0
       0
       0
       0
       0
       0
       0
       0
       0
       0
       0
       0
       0
       0
       0
       0
       0
       0
       0
       0
       0
       0
       0
       0
       0
       0
       0
       0
       0
       0
       0
       0
       0
       0
       0
       0
       0
       0
       0
       0
       0
       0
       0
       0
       0
       0
       0
       0
       0
       0
       0
       0
       0
       0
       0
       0
       0
       0
       0
       0
       0
       0
       0
       0
       0
       0
       0
       0
       0
       0
       0
       0
       0
       0
       0
       0
       0
       0
       0
       0
       0
       0
       0
       0
       0
       0
       0
       0
       0
       0
       0
       0
       0
       0
       0
       0
       0
       0
       0
       0
       0
       0
       0
       0
       0
       0
       0
       0
       0
       0
       0
       0
       0
       0
       0
       0
       0
       0
       0
       0
       0
       0
       0
       0
       0
       0
       0
       0
       0
       0
       0
       0
       0
       0
       0
       0
       0
       0
       0
       0
       0
       0
       0
       0
       0
       0
       0
       0
       0
       0
       0
       0
       0
       0
       0
       0
       0
       0
       0
       0
       0
       0
       0
       0
       0
       0
       0
       0
       0
       0
       0
       0
       0
       0
       0
       0
       0
       0
       0
       0
       0
       0
       0
       0
       0
       0
       0
       0
       0
       0
       0
       0
       0
       0
       0
       0
       0
       0
       0
       0
       0
       0
       0
       0
       0
       0
       0
       0
       0
       0
       0
       0
       0
       0
       0
       0
       0
       0
       0
       0
       0
       0
       0
       0
       0
       0
       0
       0
       0
       0
       0
       0
       0
       0
       0
       0
       0
       0
       0
       0
       0
       0
       0
       0
       0
       0
       0
       0
       0
       0
       0
       0
       0
$ROI:
1
10 10
$PRESETS:
None
0
0
$ENER_FIT:
0.000000 0.000000
$MCA_CAL:
3
0.000000E+000 0.000000E+000 0.000000E+000 
$SHAPE_CAL:
3
0.000000E+000 0.000000E+000 0.000000E+000
