$SPEC_ID:
Beryllilum 1 Calibration
$SPEC_REM:
DET# 1
DETDESC# DESKTOP-T9B70KN Easy-MCA-8k SN 15013759
AP# Maestro Version 7.01
$DATE_MEA:
01/24/2023 13:41:33
$MEAS_TIM:
406 435
$DATA:
0 2047
       0
       0
       0
       0
       0
       3
       3
       1
       3
       0
       2
       0
       1
       3
       3
       2
       0
       2
       2
       1
       1
       3
       8
       6
       4
      12
      22
      25
      33
      54
      83
     136
     243
     466
     720
    1413
    2425
    4212
    6804
   10359
   14994
   20982
   27130
   34538
   42254
   49862
   57340
   63216
   68217
   71344
   72966
   73341
   72913
   71713
   70518
   68784
   66987
   64965
   63431
   60851
   58934
   57419
   55438
   53467
   51107
   49306
   47119
   45564
   43610
   41938
   40292
   38273
   36999
   35324
   33712
   32551
   30516
   29341
   27774
   26568
   25492
   24172
   22969
   21801
   20736
   19926
   18952
   17799
   16770
   15923
   15003
   14395
   13786
   12923
   12120
   11807
   10998
   10488
    9921
    9229
    8769
    8391
    7922
    7497
    7167
    6794
    6565
    6335
    5818
    5587
    5173
    5067
    4775
    4485
    4389
    4272
    3968
    3822
    3512
    3367
    3203
    3152
    3006
    2838
    2803
    2703
    2553
    2345
    2295
    2227
    2111
    1959
    1822
    1847
    1672
    1653
    1520
    1487
    1383
    1402
    1323
    1275
    1205
    1094
    1034
    1031
    1014
     953
     837
     903
     824
     770
     734
     714
     620
     598
     623
     629
     589
     502
     510
     533
     483
     416
     412
     390
     389
     396
     304
     339
     323
     343
     270
     253
     280
     274
     300
     285
     231
     208
     194
     214
     200
     175
     193
     193
     174
     209
     162
     149
     160
     142
     140
     131
     133
     151
     140
     132
     106
     117
     118
     117
     107
      96
      97
      65
      99
      87
      79
      83
      88
      68
      76
      72
      73
      71
      62
      63
      59
      62
      80
      62
      76
      56
      52
      70
      54
      48
      58
      55
      53
      67
      54
      48
      55
      51
      63
      64
      55
      58
      56
      49
      51
      61
      36
      57
      44
      48
      37
      47
      55
      48
      53
      45
      51
      41
      65
      44
      69
      64
      63
      64
      55
      58
      65
      73
      79
      94
      74
      68
      85
      85
     107
     116
      76
     102
     110
     107
     104
     126
     119
     117
     117
     118
     147
     138
     142
     126
     132
     138
     124
     119
     130
     108
     134
     120
     112
     105
      99
     100
      96
      89
      88
      70
      78
      61
      54
      75
      53
      44
      36
      54
      52
      49
      49
      44
      39
      30
      39
      37
      39
      36
      38
      38
      26
      32
      32
      33
      30
      37
      42
      22
      21
      30
      31
      29
      25
      28
      32
      27
      29
      28
      25
      23
      35
      27
      27
      24
      22
      27
      19
      29
      30
      35
      21
      24
      23
      30
      19
      24
      28
      25
      23
      22
      21
      20
      25
      18
      16
      21
      19
      31
      17
      17
      18
      18
      23
      31
      17
      31
      25
      21
      28
      23
      23
      35
      21
      23
      24
      23
      14
      20
      18
      21
      30
      18
      18
      12
      19
      16
      15
      28
      17
      26
      14
      17
      17
      22
      13
      27
      12
      19
      17
      23
      11
      24
      15
      27
      15
      19
      42
      21
      18
      16
      16
      20
      16
      14
      20
      21
      11
      22
      11
      28
      16
      22
      12
      16
      18
      17
      15
      16
      15
      22
      15
      18
      13
      19
      13
      13
      20
      27
      12
      14
      16
      21
      16
      22
      21
      15
      20
      20
      21
      29
      16
      18
      23
      19
      14
      14
      28
      17
      21
      11
      22
      17
      16
      17
      16
      20
      14
      15
      17
      18
      18
      22
      23
      20
      12
      21
      23
      13
      21
      14
      16
      16
      14
      14
      14
      17
      15
      10
      16
      21
       9
      21
      17
      15
      19
      13
      17
      19
      15
      11
      12
      19
      15
      14
      10
      20
      11
      18
      18
      26
      18
      24
      15
      10
      18
      14
      17
      19
      12
      16
      17
      15
      13
      11
      12
      12
      21
      13
      18
      18
      15
      19
      15
      11
      17
      16
      17
      14
      20
      14
      15
      11
      18
      15
      17
      15
      11
      13
      15
      16
      12
      15
      12
      11
      11
      11
      15
      15
      19
      14
      13
      12
      14
      11
      12
      10
      11
      15
      13
      22
      16
      20
      16
      15
      12
      12
      14
      24
      13
      14
      13
      17
       9
      14
      15
      20
      24
      17
      17
      16
      17
      15
      15
      18
      12
      12
      12
       9
      13
      22
      18
      13
      10
      15
       7
      15
      13
      19
      15
      13
      13
      12
      14
      16
      15
      11
      11
      17
      12
      15
      22
       6
      25
      18
      10
      14
      14
      11
       8
      10
      16
      14
      18
      11
      20
       8
      14
      19
      16
      13
      10
      16
      10
      13
      10
      14
      17
      14
      16
      16
      19
      19
      15
      13
      12
      20
      15
      11
       9
      22
      12
      12
      11
      11
      11
      21
      16
      16
      15
      15
      18
      20
      13
      19
       8
      16
      14
      16
      12
      10
      12
      14
      10
      12
       9
      11
      11
      16
      12
      13
      18
      11
      15
      16
      14
      16
      19
      13
      14
      10
      17
      13
       8
      12
      11
      18
      22
      13
      18
      14
      13
      10
      14
      14
      18
      14
      13
      21
      14
       7
      15
      10
      18
      17
      18
      10
      16
      20
      18
      20
      17
      16
      11
      15
      19
      12
      19
      14
      16
      15
      18
      16
      14
      14
      16
      15
       8
      17
      23
      18
      16
      13
       9
      18
      13
      12
      16
      13
      17
      17
      17
      19
      15
      14
      17
      24
      12
      24
      20
      19
      14
      16
      11
      12
      14
      14
      20
      15
      19
      16
      14
      17
      15
      16
      20
      15
      13
      18
      19
      15
      20
      14
      16
      16
      19
      25
      17
      23
      15
      17
      22
      18
      17
      27
      21
      15
      12
      21
      24
      13
      13
      14
      20
      21
      12
      15
      16
      16
      16
      15
      15
      21
      14
      17
      22
      19
      16
      17
      17
      15
      17
      15
      19
      20
      14
      15
      10
      14
      15
      10
      13
      14
      18
      10
       9
      19
      16
      21
      21
      14
      18
      10
      14
       9
      20
       9
      15
      16
      11
      10
      12
      23
       9
      16
      16
       8
      11
      15
      21
      14
      21
       9
      16
      18
      12
       8
      16
       5
      14
       8
      12
      13
      13
      13
      13
      16
      11
      13
      12
      14
      11
      11
      15
      11
      13
       9
      15
      12
      14
       9
      19
      13
       8
      10
      10
      12
      14
      12
      12
      16
      14
       8
      18
      10
       7
      14
      13
      16
      13
      14
      12
      14
      16
       8
       8
      13
       8
      22
      14
      13
       8
       7
      10
      14
       9
      24
       8
      21
      17
      16
      15
      16
      15
      15
      12
      19
      16
      12
      12
      11
       7
      12
      14
      20
      15
      13
      16
      12
      23
      12
      17
      16
      22
      11
      19
      22
      15
      16
       9
      27
      12
      16
       7
      22
      21
      16
      21
      24
      18
      17
      10
      21
      16
      21
      22
      20
      18
       9
      15
      16
      16
      17
      18
      11
      18
      19
      14
      16
      10
      20
      14
      18
      14
      14
      21
      17
      25
      25
      19
      21
      19
      22
      23
      13
      19
      17
      15
      12
      21
      20
      16
      23
      21
      19
      15
      16
       6
      17
      17
      13
      18
      20
      11
      20
      16
      24
      20
      23
      20
      28
      19
      26
      13
      23
      12
      16
      25
      22
      21
      18
      14
      15
      20
      20
      21
      13
      12
      23
      17
      20
      22
      21
      19
      17
      16
      19
      24
      17
      30
      13
      17
      15
      17
      22
      18
      14
      15
      14
      16
      22
      23
      17
      13
      19
      19
      11
      12
      16
      14
      10
      11
      15
      14
      13
      13
      18
      15
      16
      15
      16
      11
      11
      12
      14
      14
      19
      11
      18
      14
      20
      17
      14
      11
      15
      18
      13
       4
      19
      10
       7
      11
      12
      15
      16
      16
      13
      11
       9
      18
      15
       9
      19
      17
      13
      12
      11
      15
       8
      21
      13
      15
      16
      19
      17
      14
      21
      10
      12
      16
      10
      13
      18
      16
      10
       9
      16
      12
      14
      14
      13
      17
      14
      13
      17
       7
      19
      18
       9
       4
      12
      10
      10
      10
      11
      13
      16
      20
       8
      14
      11
      13
       5
       9
      12
       6
      11
      10
       8
      13
       4
      10
      10
       6
       7
      12
       8
      15
       7
       4
      10
       4
      12
       5
      11
       9
      10
      12
       9
      10
       8
       9
      10
       7
      11
       8
      11
       9
       6
       6
       6
      13
       6
       9
       6
       4
      10
       7
       7
       7
       9
       6
       8
       9
      14
      13
       7
      13
       8
      10
       8
      12
       9
       9
      16
      14
      15
      14
      11
      10
      14
      13
      15
       8
      18
      11
      11
      16
      12
      18
      18
      28
      23
      19
      21
      23
      17
      11
      12
      19
      17
      24
      21
      24
      21
      21
      20
      26
      20
      28
      19
      25
      33
      22
      30
      27
      33
      36
      28
      29
      25
      35
      30
      27
      28
      38
      25
      44
      34
      28
      25
      32
      19
      26
      33
      35
      20
      28
      29
      32
      21
      35
      25
      27
      31
      33
      38
      26
      35
      36
      30
      32
      37
      35
      31
      30
      30
      33
      24
      24
      21
      27
      24
      26
      29
      18
      20
      22
      22
      13
      15
      21
      16
      19
      26
      21
      20
      23
      15
      23
      18
      19
      19
      13
      20
      12
      19
      18
      15
       7
      18
      17
      14
      12
      12
      16
      13
       8
      11
       6
       8
       8
       8
      11
       7
      11
       8
       6
      10
       6
      10
       7
       4
       8
       7
       3
       5
       2
       8
       5
       6
       2
       7
       8
       3
       5
       6
       3
       3
       5
       6
       7
       3
       6
       2
       1
       3
      13
      12
       4
       5
       8
       7
       2
       3
       4
       4
       7
       3
       4
       4
       4
       8
       4
       3
       1
       3
       3
       8
       1
       2
       6
       5
       3
       5
       3
       2
       3
       3
       5
       5
       3
       2
      11
       5
       6
       0
       4
       6
       4
       4
       2
       2
       3
       1
       2
       5
       6
       2
       2
       2
       2
       5
       5
       4
       4
       3
       3
       3
       4
       2
       2
       2
       2
       2
       5
       2
       4
       2
       1
       5
       3
       1
       6
       1
       0
       1
       2
       5
       5
       4
       3
       4
       8
       3
       2
       1
       5
       2
       4
       2
       2
       3
       2
       5
       4
       3
       6
       4
       3
       2
       4
       3
       4
       4
       2
       2
       4
       6
       5
       1
       4
       3
       4
       2
       3
       1
       2
       5
       5
       6
       4
       2
       2
       3
       6
       3
       5
       5
       2
       4
       4
       3
       2
       4
       5
       2
       2
       1
       1
       3
       2
       0
       3
       1
       3
       6
       6
       3
       2
       0
       5
       4
       3
       4
       5
       8
       0
       3
       2
       2
       2
       2
       0
       3
       4
       4
       5
       2
       3
       3
       2
       4
       4
       4
       7
       2
       7
       3
       3
       3
       1
       7
       1
       3
       5
       1
       4
       3
       2
       3
       3
       2
       5
       5
       3
       6
       3
       5
       3
       1
       1
       0
       4
       3
       2
       3
       4
       2
       2
       1
       0
       3
       6
       1
       0
       2
       3
       1
       4
       2
       2
       2
       1
       1
       4
       5
       1
       1
       4
       4
       3
       2
       3
       5
       3
       1
       4
       1
       1
       3
       3
       5
       0
       4
       1
       1
       2
       1
       0
       0
       0
       0
       1
       0
       0
       0
       0
       0
       0
       0
       0
       0
       1
       1
       0
       0
       0
       0
       0
       0
       0
       0
       0
       0
       0
       0
       0
       0
       0
       0
       0
       0
       0
       0
       0
       0
       0
       0
       0
       0
       0
       0
       0
       0
       0
       0
       0
       0
       0
       0
       0
       0
       0
       0
       0
       0
       0
       0
       0
       0
       0
       0
       0
       0
       0
       0
       1
       0
       0
       0
       0
       0
       0
       0
       0
       0
       0
       0
       0
       0
       0
       0
       0
       0
       0
       0
       0
       0
       0
       0
       0
       0
       0
       0
       0
       0
       0
       0
       0
       0
       0
       0
       0
       0
       0
       0
       0
       0
       0
       0
       0
       0
       0
       0
       0
       0
       0
       0
       0
       0
       0
       0
       0
       0
       0
       0
       0
       0
       0
       0
       0
       0
       0
       0
       0
       0
       0
       0
       0
       0
       0
       0
       0
       0
       0
       0
       0
       0
       0
       0
       0
       0
       0
       0
       0
       0
       0
       0
       0
       0
       0
       0
       0
       0
       0
       0
       0
       0
       0
       0
       0
       0
       0
       0
       0
       0
       0
       0
       0
       0
       0
       0
       0
       0
       0
       0
       0
       0
       0
       0
       0
       0
       0
       0
       0
       0
       0
       0
       0
       0
       0
       0
       0
       0
       0
       0
       0
       0
       0
       0
       0
       0
       0
       0
       0
       0
       0
       0
       0
       0
       0
       0
       0
       0
       0
       0
       0
       0
       0
       0
       0
       0
       0
       0
       0
       0
       0
       0
       0
       0
       0
       0
       0
       0
       0
       0
       0
       0
       0
       0
       0
       0
       0
       0
       0
       0
       0
       0
       0
       0
       0
       0
       0
       0
       0
       0
       0
       0
       0
       0
       0
       0
       0
       0
       0
       0
       0
       0
       0
       0
       0
       0
       0
       0
       0
       0
       0
       0
       0
       0
       0
       0
       0
       0
       0
       0
       0
       0
       0
       0
       0
       0
       0
       0
       0
       0
       0
       0
       0
       0
       0
       0
       0
       0
       0
       0
       0
       0
       0
       0
       0
       0
       0
       0
       0
       0
       0
       0
       0
       0
       0
       0
       0
       0
       0
       0
       0
       0
       0
       0
       0
       0
       0
       0
       0
       0
       0
       0
       0
       0
       0
       0
       0
       0
       0
       0
       0
       0
       0
       0
       0
       0
       0
       0
       0
       0
       0
       0
       0
       0
       0
       0
       0
       0
$ROI:
1
10 10
$PRESETS:
None
0
0
$ENER_FIT:
0.000000 0.000000
$MCA_CAL:
3
0.000000E+000 0.000000E+000 0.000000E+000 
$SHAPE_CAL:
3
0.000000E+000 0.000000E+000 0.000000E+000
