$SPEC_ID:
Beryllilum 1 Calibration
$SPEC_REM:
DET# 1
DETDESC# DESKTOP-T9B70KN Easy-MCA-8k SN 15013759
AP# Maestro Version 7.01
$DATE_MEA:
01/24/2023 13:24:13
$MEAS_TIM:
207 231
$DATA:
0 2047
       0
       0
       0
       0
       0
       0
       1
       2
       0
       1
       0
       0
       2
       0
       1
       2
       1
       5
       6
       6
       5
       3
       8
      11
      16
      25
      21
      41
      75
     122
     211
     410
     741
    1364
    2347
    4198
    6987
   11421
   17666
   24960
   34981
   45894
   58307
   70651
   82775
   94543
  104719
  113465
  119116
  122614
  122725
  122319
  120857
  117476
  114945
  112186
  109652
  106106
  102995
   99744
   96526
   93101
   91075
   87258
   83785
   80785
   77534
   74813
   72110
   68428
   66380
   63317
   60452
   57984
   55762
   53089
   50780
   48257
   45766
   43470
   42000
   39644
   37998
   36230
   34411
   33065
   31335
   29801
   28221
   27002
   25572
   24301
   22964
   21880
   20676
   19653
   18640
   18025
   16967
   16117
   15179
   14499
   13664
   13198
   12636
   11781
   11375
   10799
   10221
    9608
    9270
    8757
    8477
    8165
    7795
    7469
    7148
    6704
    6337
    6021
    5847
    5637
    5266
    5242
    4919
    4626
    4466
    4295
    4168
    3886
    3649
    3597
    3446
    3285
    3195
    2964
    2768
    2683
    2653
    2399
    2433
    2249
    2146
    2094
    1918
    1873
    1834
    1743
    1575
    1642
    1549
    1355
    1332
    1298
    1259
    1161
    1122
    1126
    1055
     956
     909
     904
     878
     774
     799
     737
     688
     689
     612
     636
     565
     632
     530
     505
     549
     503
     412
     472
     420
     406
     394
     354
     366
     319
     328
     339
     303
     287
     299
     269
     285
     240
     230
     211
     222
     232
     210
     186
     201
     205
     171
     159
     168
     172
     172
     160
     155
     138
     123
     141
     139
     138
     123
     109
     105
     110
      89
     103
     120
     115
      93
      99
      95
      87
      89
      73
     100
      93
      78
      69
      75
      84
      73
      72
      74
      63
      76
      78
      67
      70
      72
      46
      72
      69
      64
      58
      60
      65
      72
      80
      53
      68
      79
      68
      72
      74
      78
      82
      83
      90
     103
      86
      89
      94
     101
     125
     102
     122
     118
     138
     147
     136
     153
     181
     173
     181
     213
     170
     215
     216
     191
     224
     209
     216
     212
     223
     226
     236
     214
     202
     221
     182
     169
     161
     162
     185
     150
     135
     153
     110
     132
     127
     101
     106
      75
      75
      79
      88
      77
      65
      61
      59
      50
      56
      61
      36
      45
      40
      49
      54
      43
      43
      45
      55
      31
      45
      53
      40
      31
      38
      29
      45
      36
      31
      24
      32
      44
      38
      33
      37
      31
      29
      38
      30
      23
      31
      33
      20
      29
      29
      30
      29
      37
      28
      36
      37
      25
      21
      20
      20
      35
      23
      32
      28
      16
      26
      17
      26
      23
      22
      35
      21
      22
      33
      29
      31
      25
      32
      33
      21
      26
      23
      20
      19
      24
      29
      27
      22
      21
      25
      22
      27
      21
      23
      24
      20
      20
      16
      29
      16
      25
      26
      18
      18
      23
      12
      19
      27
      18
      28
      14
      24
      17
      21
      25
      21
      15
      19
      27
      25
      17
      23
      15
      15
      26
      24
      26
      17
      16
      14
       9
      27
      25
      16
      24
      15
      26
      20
      20
      14
      18
      28
      10
      21
      21
      16
      15
      22
      23
      17
      12
      12
      19
      13
      20
      23
      24
      24
      22
      18
      19
      18
      15
      22
      23
      24
      14
      19
      12
      10
      24
      14
      20
      18
      25
      16
      14
      27
      22
      17
      20
      13
      19
      21
      15
      18
      13
      12
      24
      20
      18
      12
      22
      14
      22
      13
      19
      12
      20
      13
      23
      16
      18
      18
      21
      25
      15
      16
      14
      19
      26
      17
      17
      16
      16
      20
      20
      12
      20
      16
      18
      14
      19
      18
      17
      15
      16
      15
      18
      14
      20
      18
      14
      14
      13
      18
      24
      20
      13
      14
      17
      20
      12
      18
      16
       9
      11
      10
      18
      15
      25
      16
      12
      11
      13
      20
      27
      20
      14
      21
      20
      20
       7
      18
      17
      12
      17
      15
      15
      13
      14
      16
      13
      14
      21
      13
      18
      16
      13
      15
      13
      13
      23
      12
      21
      19
       9
       5
      16
      11
      13
      15
      13
      12
      12
      13
      17
      15
      14
      14
      13
      11
      19
      17
       9
      14
      16
      23
      12
      10
      17
      10
      10
      10
      18
      13
      18
      16
      14
      12
      10
      13
      12
      11
      22
      13
      12
      13
      12
      10
       3
      11
      12
      16
      13
      23
      10
      10
      17
      14
      14
      17
      13
      18
      12
      14
      14
      12
      17
      15
      17
       8
      10
      15
      11
       9
      15
       7
       9
      12
      16
      16
       5
      17
      10
      13
       7
      13
      10
      12
      16
      13
      17
      14
      12
       6
      18
      15
      14
      13
      13
      14
      12
      10
      14
      10
      10
      12
      14
      12
       9
      12
      12
      13
      22
       9
      20
      11
      18
      11
       9
      18
       9
      15
      14
      10
      11
      17
       7
       9
      11
      12
      16
       9
      13
      13
      14
      10
      18
      13
      19
      12
      12
      11
      14
      13
      15
      20
      20
      12
      12
      16
      15
      11
      18
      16
      15
      13
      13
      16
      10
      15
      13
      13
      18
      10
      18
       9
      18
      19
      12
      12
      10
      20
      13
       7
      11
      15
      11
      19
      20
      13
      20
      23
      14
      13
      17
      16
      11
      15
      20
      22
      15
      16
      15
      18
      21
      20
      13
      22
      10
      20
      15
      11
      15
      23
       9
      16
      16
      22
      17
      16
      27
       8
      17
      19
      22
      18
      16
      27
      28
      21
      23
      20
      16
      23
      13
      14
      22
      15
      17
      24
      18
      20
      18
      11
      16
      23
      23
      13
      16
      15
      19
      17
       9
      14
      15
      13
      19
      13
      19
      14
      18
      10
      25
      19
      18
      11
      10
      12
      13
      11
      15
      24
       8
      17
      14
      11
       9
       9
      19
      14
      11
      18
      18
      13
      13
       9
      11
      14
      12
      13
      12
      17
      15
      22
      10
      16
      12
       9
      10
      13
      12
      12
      11
      17
      11
      20
      10
      10
      14
       6
      12
      12
      11
      10
       9
      15
       7
      10
       8
      10
      11
      11
      11
      10
       8
      10
       5
       6
      15
      17
      15
      11
      15
      14
      11
      14
      12
      10
      16
      11
      14
      14
      14
      13
       9
       9
      10
      13
      10
       5
       9
       8
      11
       9
      12
       9
       9
      16
      17
      13
       8
      12
      12
       6
      12
      16
      16
      12
       4
      16
      14
       8
       9
      13
      15
      10
      11
       9
      10
       8
      11
      14
      15
      16
      20
      14
      15
      11
      14
      14
      16
      20
      10
      13
      14
      16
       5
      19
      14
      18
      11
      12
      11
      17
      13
      14
      11
       9
      10
      14
      12
       8
      14
      14
      19
      12
      13
      11
      23
      25
      16
      16
      10
      12
      21
      12
      17
      13
      20
      17
      16
      15
      10
      12
      14
      12
      15
      14
       8
      24
      14
      19
      15
      14
      13
      14
      14
      10
      18
      15
      13
       8
      14
      17
      15
      20
      15
      13
      14
      13
       8
      18
      11
      18
      13
      21
      17
      15
      13
      17
      17
      15
      13
      15
      17
      11
      24
      21
      13
      17
      14
      10
      12
      18
      16
       9
      17
      15
      17
      11
      15
      18
      14
      13
      10
      13
      13
      11
      14
      17
      12
      19
       6
      12
      11
      14
      15
      18
      12
      11
      23
      13
      12
      11
      15
      14
       9
      17
      12
      16
      16
      15
      15
      13
      14
       8
      11
      18
      10
      14
      12
      10
      13
      11
      10
      16
      14
       9
       8
      10
       7
      14
      13
       7
       7
      11
      14
      11
      17
      17
      11
      10
       8
      12
      12
      15
      13
      11
      13
      15
      13
       9
      10
      10
      12
      13
      13
      20
      14
      16
      18
       8
      11
      13
      15
      16
      13
       6
      13
      13
      16
       9
      11
      10
      12
       9
      16
       8
       8
      12
       8
       8
      10
      10
      11
      12
      12
       7
      16
      13
      10
       8
       7
      10
      15
      14
      14
      17
      10
      11
       8
       9
      11
      10
       8
       5
       9
      13
       8
       8
      16
      11
       7
      11
      10
       8
       9
       5
      13
       7
       7
       9
       8
       7
       7
      11
       9
       9
      13
      13
       8
       9
       7
       9
      14
       4
       5
       8
       5
       5
       8
       7
       9
       9
       6
       4
      12
       9
       9
      10
       6
       4
       8
      10
       6
      11
       8
       5
       9
      10
       7
       6
       9
       8
       9
      13
      12
      10
       6
       7
       7
       8
       8
       7
      10
      13
       8
      21
       9
       5
      14
      13
       6
      12
      12
      13
      10
      13
      17
      19
      15
      11
      15
      19
      17
      19
      16
      15
      21
      17
      22
      15
      17
      18
      15
      26
      19
      22
      25
      29
      24
      19
      18
      27
      26
      21
      17
      23
      35
      25
      15
      19
      25
      20
      31
      32
      23
      27
      29
      33
      20
      29
      30
      34
      17
      26
      20
      18
      27
      25
      31
      20
      30
      26
      20
      23
      18
      24
      20
      29
      19
      18
      16
      26
      27
      28
      16
      14
      22
      21
      25
      14
      23
      21
      24
      19
      20
      20
      14
      20
      13
      14
      14
      16
      12
      18
      11
      12
       7
      11
      14
      16
      11
      16
      13
       9
       6
      13
       8
       9
       5
       7
      11
       8
       8
       9
       7
      13
       9
      11
      11
       5
       8
       6
       6
       6
       7
       5
       6
       9
       7
       0
       4
       6
       2
       6
       4
       7
       3
       3
       4
       7
       6
       7
       5
       6
       7
       9
       5
       4
       8
       3
       7
       6
       9
       3
       1
       7
       9
       2
       1
       3
       2
       5
       4
       5
       5
       5
       5
       7
       5
       6
       2
       5
       4
       3
       6
       2
       8
       3
       0
       6
       3
       8
       5
       4
       0
       2
       4
       4
       5
       5
       6
       4
       6
       5
       4
       5
       1
       3
       6
       4
       4
       7
       3
       3
       4
       2
       2
       2
       3
       2
       2
       1
       2
       6
       5
       3
       4
       2
       1
       4
       3
       4
       4
       5
       6
       2
       2
       5
       4
       1
       5
       2
       1
       1
       0
       3
       2
       3
       4
       2
       1
       5
       4
       3
       2
       5
       1
       6
       0
       2
       4
       1
       2
       0
       4
       3
       5
       3
       2
      11
       4
       5
       5
       3
       3
       5
       2
       4
       3
       3
       4
       5
       5
       2
       1
       2
       4
       2
       2
       4
       6
       5
       4
       6
       2
       4
       7
       3
       4
       6
       8
       4
       1
       6
       3
       2
       4
       6
       2
       7
       1
       2
       1
       3
       1
       4
       6
       4
       4
       3
       4
       2
       8
       7
       4
       5
       3
       5
       3
       2
       3
       7
       2
       1
       4
       6
       2
       4
       3
       4
       2
       1
       3
       2
       1
       5
       3
       1
       4
       1
       4
       1
       7
       2
       3
       3
       1
       2
       6
       1
       1
       1
       3
       2
       3
       3
       1
       3
       5
       3
       4
       4
       3
       4
       2
       2
       0
       2
       1
       7
       5
       4
       3
       2
       4
       0
       2
       4
       3
       4
       3
       2
       1
       4
       2
       2
       3
       4
       3
       1
       1
       2
       2
       3
       2
       2
       2
       3
       1
       0
       1
       1
       0
       1
       0
       1
       0
       0
       0
       0
       0
       0
       0
       0
       0
       1
       0
       0
       0
       1
       0
       0
       0
       0
       0
       0
       0
       0
       0
       0
       0
       0
       0
       0
       0
       0
       0
       0
       0
       0
       0
       0
       0
       0
       1
       0
       0
       0
       0
       0
       0
       0
       0
       0
       0
       0
       0
       0
       0
       0
       0
       0
       0
       0
       0
       0
       0
       0
       0
       0
       0
       0
       0
       0
       0
       0
       0
       0
       0
       0
       0
       0
       0
       0
       0
       0
       0
       0
       0
       0
       0
       0
       0
       0
       0
       0
       0
       0
       0
       0
       0
       0
       0
       0
       0
       0
       0
       0
       0
       0
       0
       0
       0
       0
       0
       0
       0
       0
       0
       0
       0
       0
       0
       0
       0
       0
       0
       0
       0
       0
       0
       0
       0
       0
       0
       0
       0
       0
       0
       0
       0
       0
       0
       0
       0
       0
       0
       0
       0
       0
       0
       0
       0
       0
       0
       0
       0
       0
       0
       0
       0
       0
       0
       0
       0
       0
       0
       0
       0
       0
       0
       0
       0
       0
       0
       0
       0
       0
       0
       0
       0
       0
       0
       0
       0
       0
       0
       0
       0
       0
       0
       0
       0
       0
       0
       0
       0
       0
       0
       0
       0
       0
       0
       0
       0
       0
       0
       0
       0
       0
       0
       0
       0
       0
       0
       0
       0
       0
       0
       0
       0
       0
       0
       0
       0
       0
       0
       0
       0
       0
       0
       0
       0
       0
       0
       0
       0
       0
       0
       0
       0
       0
       0
       0
       0
       0
       0
       0
       0
       0
       0
       0
       0
       0
       0
       0
       0
       0
       0
       0
       0
       0
       0
       0
       0
       0
       0
       0
       0
       0
       0
       0
       0
       0
       0
       0
       0
       0
       0
       0
       0
       0
       0
       0
       0
       0
       0
       0
       0
       0
       0
       0
       0
       0
       0
       0
       0
       0
       0
       0
       0
       0
       0
       0
       0
       0
       0
       0
       0
       0
       0
       0
       0
       0
       0
       0
       0
       0
       0
       0
       0
       0
       0
       0
       0
       0
       0
       0
       0
       0
       0
       0
       0
       0
       0
       0
       0
       0
       0
       0
       0
       0
       0
       0
       0
       0
       0
       0
       0
       0
       0
       0
       0
       0
       0
       0
       0
       0
       0
       0
       0
       0
       0
       0
       0
       0
       0
       0
       0
       0
       0
       0
       0
       0
       0
       0
       0
       0
       0
       0
       0
       0
       0
       0
$ROI:
1
10 10
$PRESETS:
None
0
0
$ENER_FIT:
0.000000 0.000000
$MCA_CAL:
3
0.000000E+000 0.000000E+000 0.000000E+000 
$SHAPE_CAL:
3
0.000000E+000 0.000000E+000 0.000000E+000
