$SPEC_ID:
Beryllilum 1 Calibration
$SPEC_REM:
DET# 1
DETDESC# DESKTOP-T9B70KN Easy-MCA-8k SN 15013759
AP# Maestro Version 7.01
$DATE_MEA:
01/24/2023 13:28:20
$MEAS_TIM:
406 443
$DATA:
0 2047
       0
       0
       1
       2
       0
       0
       1
       1
       1
       2
       3
       3
       1
       2
       1
       5
       1
       5
       4
       1
      10
       5
      13
      12
      19
      19
      39
      43
      82
     104
     169
     347
     591
    1143
    2101
    3687
    6492
   10428
   16411
   24218
   34361
   46151
   58980
   73295
   86724
  100759
  113008
  122464
  131230
  136121
  138044
  136997
  136573
  134093
  130932
  127834
  124734
  120421
  117880
  114159
  110702
  107104
  103996
  100371
   96176
   92556
   89240
   86603
   82770
   79277
   76791
   72994
   70212
   67231
   63623
   61740
   59007
   56685
   53789
   50803
   48419
   46432
   45079
   42541
   40395
   38559
   36634
   34896
   33064
   31950
   30028
   28666
   26977
   25844
   24531
   23567
   22063
   21240
   19919
   18976
   17937
   17139
   16451
   15502
   14616
   14049
   13431
   12740
   12261
   11431
   10902
   10482
   10185
    9514
    9237
    8587
    8254
    8074
    7591
    7092
    6964
    6599
    6335
    5975
    5817
    5637
    5354
    5101
    4951
    4715
    4432
    4229
    4145
    3948
    3720
    3514
    3427
    3312
    3143
    3065
    2814
    2707
    2558
    2455
    2382
    2225
    2179
    2122
    1953
    1830
    1799
    1763
    1654
    1534
    1556
    1396
    1271
    1281
    1204
    1204
    1160
    1040
    1045
     983
     911
     911
     880
     790
     778
     742
     685
     684
     623
     662
     608
     591
     527
     515
     496
     470
     446
     445
     441
     429
     356
     360
     364
     356
     337
     311
     307
     297
     253
     262
     224
     257
     259
     221
     225
     195
     195
     217
     196
     220
     165
     153
     163
     151
     152
     139
     148
     140
     111
     112
     120
     137
     106
     103
     100
     104
     112
     110
     119
     107
     111
      80
      86
      87
     104
      92
      87
      93
      69
      90
      94
      83
      83
      80
      90
      82
      82
      68
      52
      76
      75
      78
      66
      76
      63
      84
      61
      54
      89
      71
      80
      69
      86
      77
      61
      83
      93
      93
      78
      99
      86
     112
     134
     114
     106
     118
     146
     126
     158
     164
     173
     164
     179
     184
     210
     209
     194
     197
     182
     241
     221
     220
     220
     205
     213
     196
     211
     204
     199
     194
     191
     182
     174
     176
     162
     159
     119
     136
     140
     120
      95
      92
      91
      83
      87
      68
      72
      68
      63
      63
      54
      57
      67
      43
      48
      63
      47
      50
      44
      33
      38
      50
      59
      58
      38
      45
      38
      40
      49
      39
      35
      40
      33
      38
      41
      39
      39
      41
      37
      37
      33
      29
      36
      32
      37
      39
      32
      28
      36
      28
      34
      32
      26
      24
      39
      28
      30
      35
      31
      40
      25
      33
      22
      28
      29
      23
      32
      34
      18
      24
      23
      32
      21
      23
      20
      24
      32
      21
      25
      21
      16
      29
      30
      25
      32
      21
      20
      17
      24
      30
      31
      21
      28
      29
      17
      19
      15
      25
      29
      26
      25
      17
      18
      24
      18
      19
      24
      15
      26
      25
      25
      16
      19
      19
      25
      20
      14
      26
      28
      31
      21
      18
      22
      21
      27
      26
      16
      19
      21
      14
      17
      20
      15
      24
      11
      19
      22
      15
      14
      12
      16
      13
      29
      26
      15
      19
      18
      15
      20
      23
      18
      25
      13
      18
      12
      18
      23
      19
      18
      20
      16
      25
      17
      18
      16
      18
      18
      16
      26
      16
      17
      24
      14
      11
      13
       7
      16
      15
      22
      14
      17
      16
      14
      26
      15
      18
      11
      24
      27
      14
      22
      21
      19
      15
      14
      19
      24
      21
      18
      21
      22
      18
      21
      26
      18
      23
      18
      20
      13
      16
      13
      12
      20
      18
      15
      20
      12
      15
      11
      18
      18
      17
      24
      16
      12
      13
      16
      16
      18
      15
      19
      13
       9
      15
      23
      16
      19
      19
      19
      15
      13
      19
      18
      23
      20
      15
      19
      14
      26
      25
      15
      17
      18
      21
      12
      20
      19
      13
       5
      18
      16
      17
      11
      14
      16
      20
      19
      13
      12
      17
      22
      12
       8
      12
      18
      13
      17
      19
      16
      25
      18
      22
       9
      13
      15
      19
      17
      12
      12
      23
      12
      14
       7
      11
      13
      16
      12
       8
      12
      10
       7
      17
      16
      10
      13
      17
      12
      11
      13
      14
      17
       8
      20
      10
      15
      13
      16
      15
      12
      14
      10
      14
      19
      19
      18
      16
       8
      12
      19
      12
      16
      13
      12
       9
      17
      20
      16
       9
      12
      13
      13
      14
      13
      19
      16
      26
      15
      10
      20
      16
      10
       6
      16
       9
      16
      12
       8
      14
      11
      11
      11
      10
       9
      13
      10
      13
      16
      16
      10
      16
      11
       9
       8
      10
       4
      12
      12
      14
       6
       8
      13
       9
      12
      17
       6
      17
      13
      13
      13
      11
      11
      11
      11
      14
      14
       9
       9
       8
       7
       8
      12
      14
      16
      10
      16
      14
      19
      12
       9
      12
      10
      14
      11
       9
      15
      18
      11
      16
      21
      13
       9
      15
      14
      14
      11
       8
      15
      15
      11
      13
      14
      16
      10
       9
       5
      17
      14
       7
      13
      14
      13
      12
      10
      10
      10
      14
      23
       8
      14
      13
      14
      19
      17
      15
      19
      15
      18
      13
      11
      12
       9
      12
       8
      11
      16
      16
      11
      16
      10
      15
      15
      14
      12
      15
      22
      18
      17
      19
      21
      16
      15
      24
      10
      11
      21
      13
      18
      16
      20
      19
      19
      20
      14
      25
      12
      29
      17
      19
      16
      15
      25
      15
      16
      23
      27
      24
      23
      18
      17
      18
      18
      12
      16
      22
      21
      22
      21
      16
      13
      12
      16
      17
      19
      16
      18
      26
      14
      16
      15
      13
      19
      15
      14
      15
       8
      17
      22
      15
      23
      10
      25
      11
      11
      14
      17
      12
      12
       8
       9
       8
      16
      16
      14
      10
      14
      13
      17
      14
       9
       5
      10
      14
      14
      13
      11
      12
      12
      13
      10
      12
      12
      12
       8
      11
       8
       7
      12
      13
      12
      10
       8
      12
      11
      12
       5
      11
       9
       9
       6
       9
       3
       9
       8
      10
       8
       5
       7
       8
       6
       8
      10
      14
       7
      10
      11
       6
      12
       3
      14
      12
       6
       5
       8
       8
      13
      12
       7
      11
       5
      13
      10
      14
       8
       7
      14
      11
       6
       9
      10
      10
      17
       8
      14
       6
       9
       5
      14
      13
      15
      14
      17
      11
       9
      12
      15
      11
       9
      11
      13
      13
       7
      10
      11
      14
       9
       8
       8
      11
       9
       9
      19
       9
      11
      18
       8
      16
       4
      20
      13
       8
      23
       7
      16
      11
      16
      13
      16
      14
      17
      19
      13
      17
      12
       9
      17
      13
      24
      16
      13
      16
      12
      14
      15
      11
      21
      15
       9
      11
      24
      12
      11
      11
      14
      11
      11
      12
      17
      13
      19
      12
      13
      19
      10
      15
      11
      21
       9
      18
      20
      11
      10
      20
      17
       8
      13
      16
      11
      12
       8
       9
      10
       7
      10
      15
      15
       8
      15
       6
       8
      11
      10
      13
       7
      18
      15
       7
      12
      12
      11
       7
      12
      11
      18
       8
      10
      11
       6
      11
      12
       7
      12
      10
      12
      11
      10
      10
       7
      11
      11
       6
       8
       8
      12
      11
       7
       8
      14
      15
       9
       8
       7
       4
      12
      11
       5
       7
       6
       4
       9
       8
       8
      14
       8
       9
      15
      10
       8
      14
      13
       7
       9
       6
      10
       7
       9
       8
      12
       7
      11
       7
       8
       8
       7
      10
       7
       8
       5
       9
      10
       7
       4
       5
      12
      10
       7
      10
       4
       6
       9
       5
      11
      10
      12
       6
      15
      12
       6
      11
       7
       9
      12
       8
      18
       9
      11
      10
      11
       8
       7
       8
       7
       8
       8
       8
       3
       7
       8
      13
       7
       7
       9
       9
       9
      10
      12
       9
       6
      13
       9
       8
       7
       8
      10
      10
       8
      12
      11
      11
       4
       7
       4
       7
       5
       5
       5
       5
       8
       7
       9
      10
       9
       7
       7
       6
       3
       8
       8
      12
       6
       9
       6
       9
       3
       8
       7
      10
       6
      14
       5
       9
       4
       9
       7
       3
       8
       1
       8
       6
       8
       8
       7
       1
       4
       9
       8
      12
       4
       7
       3
       5
       3
       5
       6
       9
       2
       6
       7
       3
      10
       5
       4
       9
       4
       6
       6
       7
      12
       6
       4
       3
       7
       4
       7
       8
       6
       6
       8
       9
       6
       6
       6
       5
       5
       6
       9
      11
       6
       6
       7
       8
       5
       8
      18
      10
       8
      11
      11
      10
      11
       7
       9
      10
       4
      11
      17
      10
       5
       5
      13
      14
       7
      13
      14
       9
       5
       5
      11
      15
      14
      11
       8
      21
      12
      19
      11
      16
      21
       7
       8
      18
      16
      16
       9
      16
      11
      13
      19
      16
      16
      15
      14
      14
      20
      16
      19
      13
      20
      20
      16
      16
      10
      15
      18
      17
      12
      18
      16
      17
      16
      16
      10
      14
      12
      19
      13
       9
      16
      17
      11
      20
      12
      18
       7
       8
      16
      15
      10
       7
      20
      10
       4
      15
      11
       9
      18
       7
      17
      10
      11
       9
      13
      15
       6
       4
       2
       8
      10
       8
      10
       8
      10
       8
      11
       4
       4
       7
       8
       3
       4
       6
       3
       6
      11
       5
       4
       5
       4
       3
       7
       7
       7
       6
       5
       3
       4
       4
      10
       7
       2
       9
       7
       6
       8
       5
       6
       5
       6
       3
       2
       5
       7
       2
      12
       6
       5
       3
       3
       5
       3
       1
       3
       8
       3
      14
       9
       6
       3
       4
       5
       4
       6
       4
       3
       4
       3
       0
       3
       3
       3
       1
       4
       3
       4
       4
       3
       6
       3
       4
       3
       5
       4
       2
       3
       6
       3
       5
       1
       4
       4
       3
       4
       3
       1
       0
       0
       2
       3
       3
       2
       1
       4
       2
       3
       5
       5
       4
       6
       4
       4
       1
       2
       1
       5
       3
       5
       1
       4
       2
       3
       3
       5
       3
       3
       5
       4
       3
       7
       5
       5
       2
       4
       1
       2
       5
       2
       0
       2
       6
       3
       1
       3
       2
       1
       4
       3
       4
       6
       6
       3
       0
       3
       3
       6
       2
       3
       3
       3
       0
       4
       6
       4
       5
       9
       4
       4
       3
       3
       2
       4
       2
       2
       5
       2
       1
       3
       1
       4
       3
       1
       5
       0
       3
       6
       6
       2
       6
       5
       0
       1
       6
       4
       1
       9
       1
       3
       4
       2
       2
       2
       3
       2
       5
       3
       4
       4
       6
       8
       3
       1
       2
       6
       3
       2
       2
       7
       4
       2
       1
       6
       2
       4
       6
       1
       3
       2
       1
       2
       2
       2
       4
       3
       7
       2
       2
       2
       4
       4
       4
       2
       3
       0
       2
       2
       2
       1
       2
       3
       2
       6
       2
       2
       1
       6
       2
       3
       1
       3
       1
       1
       0
       2
       2
       0
       4
       2
       1
       4
       3
       2
       1
       3
       3
       1
       0
       1
       0
       3
       3
       3
       4
       3
       0
       3
       1
       4
       5
       1
       1
       1
       0
       1
       0
       0
       0
       0
       0
       0
       1
       1
       0
       1
       0
       0
       0
       0
       0
       0
       0
       0
       0
       0
       0
       0
       0
       0
       0
       0
       0
       0
       0
       0
       0
       1
       0
       0
       0
       0
       0
       0
       0
       0
       0
       0
       0
       0
       0
       0
       0
       0
       1
       0
       0
       0
       0
       0
       0
       0
       0
       0
       0
       0
       0
       0
       0
       0
       0
       0
       0
       0
       0
       0
       0
       0
       0
       0
       0
       0
       0
       1
       0
       0
       0
       0
       0
       0
       0
       0
       0
       0
       0
       0
       0
       0
       0
       0
       0
       0
       0
       0
       0
       0
       0
       0
       0
       0
       0
       0
       0
       0
       0
       0
       0
       0
       0
       0
       0
       0
       0
       0
       0
       0
       0
       0
       0
       0
       0
       0
       0
       0
       0
       0
       0
       0
       0
       0
       0
       0
       0
       0
       0
       0
       0
       0
       0
       0
       0
       0
       0
       0
       0
       0
       0
       0
       0
       0
       0
       0
       0
       0
       0
       0
       0
       0
       0
       0
       0
       0
       0
       0
       0
       0
       0
       0
       0
       0
       0
       0
       0
       0
       1
       0
       0
       0
       0
       0
       0
       0
       0
       0
       0
       0
       0
       0
       0
       0
       0
       0
       0
       0
       0
       0
       0
       0
       0
       0
       0
       0
       0
       0
       0
       0
       0
       0
       0
       0
       0
       0
       0
       0
       0
       0
       0
       0
       0
       0
       0
       0
       0
       0
       0
       0
       0
       0
       0
       0
       0
       0
       0
       0
       0
       0
       0
       0
       0
       0
       0
       0
       0
       0
       0
       0
       0
       0
       0
       0
       0
       0
       0
       0
       0
       0
       0
       0
       0
       0
       0
       0
       0
       0
       0
       0
       0
       0
       0
       0
       0
       0
       0
       0
       0
       0
       0
       0
       0
       0
       0
       0
       0
       0
       0
       0
       0
       0
       0
       0
       0
       0
       0
       0
       0
       0
       0
       0
       0
       0
       0
       0
       0
       0
       0
       0
       0
       0
       0
       0
       0
       0
       0
       0
       0
       0
       0
       0
       0
       0
       0
       0
       0
       0
       0
       0
       0
       0
       0
       0
       0
       0
       0
       0
       0
       0
       0
       0
       0
       0
       0
       0
       0
       0
       0
       0
       0
       0
       0
       0
       0
       0
       0
       0
       0
       0
       0
       0
       0
       0
       0
       0
       0
       0
       0
       0
       0
       0
       0
$ROI:
1
10 10
$PRESETS:
None
0
0
$ENER_FIT:
0.000000 0.000000
$MCA_CAL:
3
0.000000E+000 0.000000E+000 0.000000E+000 
$SHAPE_CAL:
3
0.000000E+000 0.000000E+000 0.000000E+000
