$SPEC_ID:
Beryllilum 1 Calibration
$SPEC_REM:
DET# 1
DETDESC# DESKTOP-T9B70KN Easy-MCA-8k SN 15013759
AP# Maestro Version 7.01
$DATE_MEA:
01/24/2023 12:09:56
$MEAS_TIM:
202 202
$DATA:
0 2047
       0
       0
       0
       0
       0
       0
       0
       0
       0
       0
       0
       0
       0
       0
       0
       0
       0
       0
       0
       0
       0
       0
       0
       0
       0
       0
       0
       0
       0
       0
       0
       0
       0
       0
       0
       0
       1
       0
       0
       0
       0
       0
       1
       1
       5
       3
       7
      17
      28
      54
      92
     128
     170
     179
     183
     182
     175
     168
     202
     162
     197
     181
     181
     173
     172
     184
     190
     201
     186
     223
     180
     176
     176
     188
     172
     191
     184
     144
     190
     164
     160
     157
     155
     167
     163
     197
     156
     159
     156
     147
     143
     147
     144
     134
     143
     131
     150
     152
     124
     132
     173
     121
     146
     128
     130
     133
     136
     145
     128
     132
     143
     122
     136
     154
     136
     142
     137
     133
     104
     117
     138
     122
     134
     137
     139
     120
     151
     118
     124
     130
     119
     131
     111
     115
     102
     107
     135
     117
      99
     121
     105
     103
      97
      72
      81
      91
     116
      95
      92
      78
     102
      94
      84
      96
      90
      90
      77
      77
      78
      87
      68
      79
      74
      74
      86
      80
      73
      82
      90
      58
      63
      79
      75
      68
      66
      61
      65
      59
      81
      58
      76
      86
      72
      63
      84
      53
      74
      76
      76
      69
      41
      72
      68
      58
      57
      62
      65
      64
      57
      54
      73
      63
      65
      60
      57
      62
      57
      72
      53
      43
      51
      63
      46
      41
      43
      51
      52
      49
      36
      61
      41
      47
      50
      54
      47
      61
      48
      45
      40
      43
      59
      43
      50
      53
      51
      41
      37
      55
      42
      43
      36
      54
      56
      43
      47
      56
      45
      32
      57
      35
      33
      48
      41
      36
      54
      49
      29
      50
      47
      33
      44
      47
      41
      54
      41
      51
      54
      50
      43
      42
      47
      41
      30
      37
      51
      42
      39
      40
      28
      34
      44
      29
      40
      46
      30
      35
      41
      49
      37
      44
      40
      34
      43
      46
      34
      44
      38
      37
      43
      45
      45
      46
      53
      47
      44
      44
      34
      36
      34
      42
      41
      29
      41
      37
      42
      40
      38
      38
      42
      35
      47
      28
      40
      35
      39
      45
      34
      40
      33
      33
      37
      34
      57
      34
      40
      38
      46
      41
      33
      36
      40
      37
      29
      27
      37
      31
      35
      37
      29
      35
      31
      29
      24
      20
      32
      24
      35
      28
      34
      42
      35
      29
      25
      34
      33
      28
      37
      41
      46
      31
      27
      42
      31
      28
      36
      40
      35
      28
      26
      23
      29
      27
      41
      27
      33
      34
      30
      28
      27
      37
      25
      31
      38
      27
      31
      42
      25
      30
      35
      27
      32
      30
      32
      34
      29
      28
      31
      29
      33
      36
      28
      35
      36
      24
      36
      39
      33
      33
      33
      19
      26
      36
      38
      32
      37
      43
      41
      40
      34
      32
      37
      26
      28
      36
      32
      33
      40
      32
      29
      23
      36
      29
      29
      34
      26
      42
      32
      45
      28
      30
      35
      38
      42
      34
      25
      40
      25
      50
      32
      41
      32
      38
      34
      26
      41
      36
      39
      38
      41
      38
      33
      41
      34
      29
      33
      34
      34
      23
      43
      42
      39
      45
      37
      43
      36
      38
      39
      36
      36
      22
      42
      31
      30
      30
      41
      44
      28
      51
      32
      31
      33
      24
      20
      26
      29
      32
      46
      42
      35
      27
      26
      34
      30
      37
      33
      23
      25
      25
      33
      27
      20
      25
      26
      27
      27
      30
      29
      32
      26
      35
      28
      30
      38
      30
      18
      37
      24
      19
      22
      24
      27
      33
      16
      29
      18
      22
      26
      29
      19
      33
      25
      29
      26
      29
      20
      19
      24
      28
      25
      26
      24
      28
      20
      21
      27
      18
      24
      20
      34
      20
      20
      30
      21
      19
      25
      21
      21
      26
      25
      20
      23
      15
      26
      34
      26
      23
      21
      23
      28
      27
      26
      27
      16
      28
      21
      30
      34
      22
      21
      20
      33
      31
      28
      33
      46
      47
      39
      37
      46
      34
      42
      40
      51
      46
      60
      53
      68
      51
      65
      51
      48
      54
      61
      53
      67
      55
      59
      60
      60
      54
      71
      78
      60
      67
      82
      71
      56
      64
      55
      58
      47
      54
      69
      45
      50
      44
      59
      53
      39
      55
      54
      51
      46
      42
      39
      36
      44
      27
      42
      35
      35
      36
      39
      30
      37
      27
      25
      27
      30
      23
      30
      25
      24
      22
      27
      21
      25
      24
      28
      14
      22
      27
      21
      25
      27
      26
      34
      32
      31
      27
      31
      23
      34
      34
      24
      43
      35
      40
      37
      36
      35
      36
      40
      49
      51
      46
      42
      40
      49
      44
      54
      41
      53
      46
      42
      52
      38
      61
      49
      51
      43
      49
      37
      50
      38
      43
      48
      44
      54
      43
      42
      45
      41
      36
      32
      39
      48
      41
      37
      33
      25
      35
      27
      39
      26
      32
      37
      32
      20
      22
      27
      14
      14
      25
      16
      21
      13
      23
      14
      18
      15
      19
      14
      16
      13
      11
       5
      13
       8
      21
      19
      17
      14
      10
       8
      17
      10
      13
       6
       9
      16
      11
      14
      13
      12
      13
       8
      15
      11
      15
      10
       9
      13
      10
       8
       8
       9
      11
      13
      14
      14
       7
      11
       5
      14
      11
       8
      11
       7
       7
       8
       7
       7
       6
       5
       8
       9
       5
       6
      11
       7
       3
       5
       6
       7
       1
       6
       5
       6
       7
       5
       1
       3
       1
       4
       8
       6
       5
       4
       2
       5
       1
       4
       4
       5
       6
       2
       5
       3
       2
       4
       4
       0
       1
       1
       7
       3
       4
       5
       4
       1
       4
       3
       4
       3
       2
       3
       0
       1
       2
       4
       3
       3
       2
       3
       3
       1
       2
       1
       4
       0
       2
       1
       5
       2
       1
       1
       1
       3
       4
       4
       1
       5
       0
       1
       5
       1
       2
       5
       2
       0
       2
       0
       2
       5
       3
       0
       1
       4
       1
       3
       3
       2
       4
       3
       1
       0
       5
       2
       0
       3
       0
       1
       4
       1
       2
       1
       1
       1
       2
       2
       3
       2
       1
       3
       2
       2
       2
       2
       0
       4
       9
       3
       0
       2
       0
       4
       3
       3
       2
       3
       1
       1
       6
       4
       3
       0
       1
       2
       1
       1
       2
       2
       1
       0
       2
       4
       1
       0
       0
       3
       1
       2
       0
       4
       4
       1
       0
       2
       2
       1
       4
       2
       2
       4
       2
       5
       2
       1
       2
       1
       3
       4
       4
       3
       1
       4
       2
       2
       0
       5
       1
       0
       4
       1
       3
       0
       1
       0
       2
       1
       1
       1
       1
       2
       2
       2
       2
       1
       1
       2
       2
       0
       3
       0
       1
       2
       4
       4
       1
       1
       3
       3
       1
       0
       3
       1
       1
       0
       2
       3
       1
       2
       0
       3
       1
       3
       0
       1
       2
       4
       1
       3
       2
       3
       0
       2
       1
       2
       3
       1
       2
       2
       1
       2
       0
       2
       3
       0
       1
       1
       1
       3
       2
       0
       2
       0
       0
       0
       1
       0
       0
       1
       2
       3
       1
       1
       0
       0
       1
       1
       0
       2
       1
       3
       1
       0
       1
       3
       1
       2
       1
       2
       2
       3
       0
       3
       1
       4
       1
       0
       2
       3
       4
       1
       2
       3
       1
       3
       0
       2
       1
       2
       0
       3
       1
       3
       1
       3
       1
       1
       2
       2
       3
       1
       2
       5
       1
       6
       0
       2
       0
       1
       3
       2
       3
       2
       2
       4
       0
       3
       4
       5
       1
       4
       0
       0
       1
       1
       1
       1
       2
       2
       2
       4
       3
       1
       2
       0
       2
       0
       0
       0
       2
       1
       0
       1
       2
       1
       2
       0
       1
       2
       2
       2
       0
       5
       1
       0
       3
       5
       0
       2
       2
       1
       1
       2
       0
       1
       2
       1
       2
       1
       0
       1
       2
       2
       1
       4
       1
       0
       0
       0
       4
       2
       1
       3
       0
       3
       1
       0
       0
       0
       0
       0
       0
       1
       2
       0
       1
       1
       2
       3
       2
       0
       1
       0
       0
       0
       1
       1
       0
       0
       1
       1
       1
       3
       1
       0
       1
       1
       2
       1
       1
       0
       3
       2
       1
       2
       1
       1
       1
       0
       0
       1
       0
       1
       1
       0
       1
       1
       0
       1
       2
       0
       1
       0
       1
       0
       2
       0
       0
       1
       1
       0
       1
       0
       1
       1
       2
       1
       1
       0
       0
       0
       0
       0
       1
       3
       1
       0
       1
       0
       0
       1
       1
       0
       1
       3
       1
       2
       0
       2
       0
       2
       1
       2
       1
       0
       1
       1
       0
       2
       2
       1
       0
       0
       2
       0
       2
       2
       3
       1
       0
       0
       0
       1
       2
       0
       1
       1
       1
       0
       0
       1
       0
       2
       0
       1
       1
       1
       5
       2
       2
       3
       2
       2
       1
       1
       3
       4
       1
       1
       2
       3
       2
       2
       1
       1
       2
       4
       1
       1
       3
       2
       4
       4
       1
       1
       4
       1
       1
       2
       2
       3
       1
       1
       4
       6
       1
       2
       1
       1
       0
       0
       2
       1
       3
       2
       0
       1
       2
       5
       2
       1
       0
       1
       1
       1
       1
       1
       0
       1
       0
       1
       2
       1
       2
       0
       1
       3
       0
       1
       1
       1
       1
       2
       0
       2
       1
       1
       0
       2
       0
       0
       1
       1
       0
       2
       1
       0
       1
       1
       0
       0
       0
       0
       0
       0
       0
       0
       0
       1
       0
       1
       0
       0
       0
       0
       1
       0
       0
       1
       1
       1
       0
       0
       1
       0
       2
       0
       1
       0
       0
       0
       1
       0
       0
       0
       0
       0
       0
       0
       0
       0
       0
       1
       0
       0
       0
       0
       0
       0
       0
       0
       0
       0
       0
       0
       0
       0
       0
       0
       0
       0
       0
       0
       1
       0
       0
       0
       0
       0
       0
       0
       0
       0
       0
       0
       0
       0
       0
       0
       0
       0
       0
       1
       0
       0
       0
       0
       0
       0
       0
       0
       0
       0
       0
       0
       0
       0
       0
       0
       0
       0
       0
       0
       0
       0
       0
       0
       0
       0
       0
       0
       0
       0
       0
       0
       0
       0
       0
       0
       0
       0
       1
       0
       0
       0
       0
       0
       0
       0
       0
       0
       0
       0
       0
       0
       1
       0
       0
       0
       0
       0
       0
       0
       0
       0
       0
       0
       0
       0
       0
       0
       0
       0
       0
       0
       0
       0
       0
       0
       0
       0
       0
       0
       0
       0
       0
       0
       0
       0
       0
       0
       0
       0
       0
       0
       0
       0
       0
       0
       0
       0
       0
       0
       0
       0
       0
       0
       0
       0
       0
       0
       0
       0
       0
       0
       0
       0
       0
       0
       0
       0
       0
       0
       0
       0
       0
       0
       0
       0
       0
       0
       0
       0
       0
       0
       0
       0
       0
       0
       0
       0
       0
       0
       0
       0
       0
       0
       0
       0
       0
       0
       0
       0
       0
       0
       0
       0
       0
       0
       0
       0
       0
       0
       0
       0
       0
       0
       0
       0
       0
       0
       0
       0
       0
       0
       0
       0
       0
       0
       0
       0
       0
       0
       0
       0
       0
       0
       0
       0
       0
       0
       0
       0
       0
       0
       0
       0
       0
       0
       0
       0
       0
       0
       0
       0
       0
       0
       0
       0
       0
       0
       0
       0
       0
       0
       0
       0
       0
       0
       0
       0
       0
       0
       0
       0
       0
       0
       0
       0
       0
       0
       0
       0
       0
       0
       0
       0
       0
       0
       0
       0
       0
       0
       0
       0
       0
       0
       0
       0
       0
       0
       0
       0
       0
       0
       0
       0
       0
       0
       0
       0
       0
       0
       0
       0
       0
       0
       0
       0
       0
       0
       0
       0
       0
       0
       0
       0
       0
       0
       0
       0
       0
       0
       0
       0
       0
       0
       0
       0
       0
       0
       0
       0
       0
       0
       0
       0
       0
       0
       0
       0
       0
       0
       0
       0
       0
       0
       0
       0
       0
       0
       0
       0
       0
       0
       0
       0
       0
       0
       0
       0
       0
       0
       0
       0
       0
       0
       0
       0
       0
       0
       0
       0
       0
       0
       0
       0
       0
       0
       0
       0
       0
       0
       0
       0
       0
       0
       0
       0
       0
       0
       0
       0
       0
       0
       0
       0
       0
       0
       0
       0
       0
       0
       0
       0
       0
       0
       0
       0
       0
       0
       0
       0
       0
       0
       0
       0
       0
       0
       0
       0
       0
       0
       0
       0
       0
       0
       0
       0
       0
       0
       0
       0
       0
       0
       0
       0
       0
       0
       0
       0
       0
       0
       0
       0
       0
       0
       0
       0
       0
       0
       0
       0
       0
       0
       0
       0
       0
       0
       0
       0
       0
       0
       0
       0
       0
       0
       0
       0
       0
       0
       0
       0
       0
       0
       0
       0
       0
       0
       0
       0
       0
       0
       0
       0
       0
       0
       0
       0
       0
       0
       0
       0
       0
       0
       0
       0
       0
       0
       0
       0
       0
       0
       0
       0
       0
       0
       0
       0
       0
       0
       0
       0
       0
       0
       0
       0
       0
       0
       0
       0
       0
       0
       0
       0
       0
       0
       0
       0
       0
       0
       0
       0
       0
       0
       0
       0
       0
       0
       0
       0
       0
       0
       0
       0
       0
       0
       0
       0
       0
       0
       0
       0
       0
       0
       0
       0
       0
       0
       0
       0
       0
       0
       0
$ROI:
1
10 10
$PRESETS:
None
0
0
$ENER_FIT:
0.000000 0.000000
$MCA_CAL:
3
0.000000E+000 0.000000E+000 0.000000E+000 
$SHAPE_CAL:
3
0.000000E+000 0.000000E+000 0.000000E+000
