$SPEC_ID:
Beryllilum 1 Calibration
$SPEC_REM:
DET# 1
DETDESC# DESKTOP-T9B70KN Easy-MCA-8k SN 15013759
AP# Maestro Version 7.01
$DATE_MEA:
01/24/2023 12:06:39
$MEAS_TIM:
101 105
$DATA:
0 2047
       0
       0
       0
       0
       0
       0
       0
       0
       0
       0
       0
       0
       0
       0
       0
       0
       0
       0
       0
       0
       0
       0
       0
       0
       0
       0
       0
       0
       1
       0
       1
       1
       0
       5
      11
      14
      35
      38
      60
     127
     140
     221
     243
     363
     421
     575
     708
     843
    1047
    1217
    1293
    1406
    1384
    1428
    1483
    1453
    1531
    1501
    1539
    1501
    1416
    1530
    1566
    1518
    1496
    1576
    1541
    1636
    1552
    1604
    1692
    1676
    1628
    1657
    1671
    1617
    1674
    1690
    1708
    1706
    1706
    1684
    1626
    1707
    1757
    1745
    1735
    1817
    1871
    1824
    1869
    1930
    1980
    1977
    2108
    2079
    2054
    2149
    2048
    2118
    2233
    2215
    2273
    2368
    2185
    2252
    2161
    2356
    2300
    2341
    2258
    2313
    2303
    2322
    2226
    2201
    2207
    2354
    2303
    2120
    2152
    2239
    2158
    2095
    2162
    2069
    2087
    2130
    2075
    2085
    2016
    2089
    2007
    2098
    2054
    1986
    1952
    2020
    2014
    1966
    1947
    1896
    1915
    1996
    1983
    1905
    1889
    1909
    1811
    1932
    1852
    2005
    1855
    1831
    1801
    1894
    1818
    1766
    1843
    1820
    1801
    1726
    1801
    1806
    1794
    1875
    1728
    1817
    1769
    1769
    1787
    1734
    1687
    1747
    1722
    1739
    1806
    1795
    1736
    1772
    1749
    1771
    1672
    1781
    1781
    1793
    1685
    1685
    1718
    1730
    1761
    1744
    1750
    1828
    1783
    1725
    1739
    1818
    1742
    1751
    1707
    1721
    1720
    1699
    1833
    1734
    1729
    1677
    1725
    1795
    1778
    1747
    1757
    1755
    1737
    1761
    1702
    1766
    1790
    1730
    1810
    1847
    1768
    1850
    1733
    1689
    1689
    1856
    1809
    1679
    1763
    1680
    1754
    1659
    1640
    1702
    1686
    1664
    1678
    1578
    1558
    1501
    1492
    1452
    1446
    1494
    1342
    1276
    1279
    1295
    1275
    1232
    1182
    1152
    1116
    1067
    1035
     947
     957
     992
     870
     827
     861
     781
     766
     747
     749
     669
     643
     673
     589
     635
     566
     573
     554
     574
     558
     536
     514
     530
     473
     497
     474
     443
     434
     448
     471
     421
     437
     395
     389
     385
     470
     412
     372
     387
     391
     389
     392
     354
     379
     392
     396
     406
     415
     384
     405
     443
     456
     438
     417
     431
     487
     483
     483
     468
     524
     581
     571
     623
     622
     676
     731
     797
     754
     862
     961
    1024
    1185
    1199
    1348
    1471
    1654
    1824
    1876
    2179
    2346
    2583
    2853
    3060
    3237
    3596
    3892
    4300
    4547
    4800
    5170
    5475
    5873
    6338
    6599
    6838
    7118
    7432
    7745
    7968
    8276
    8216
    8563
    8425
    8761
    8942
    9063
    8927
    8820
    8676
    8566
    8404
    8393
    8083
    7944
    7619
    7374
    7098
    6781
    6357
    6037
    5659
    5235
    4905
    4573
    4238
    3931
    3626
    3278
    3116
    2830
    2475
    2262
    2060
    1852
    1601
    1523
    1307
    1167
    1041
     929
     782
     674
     606
     563
     486
     447
     344
     314
     313
     276
     212
     208
     173
     165
     132
     110
     120
     117
      93
      78
      74
      65
      54
      55
      59
      49
      43
      56
      44
      40
      37
      45
      34
      34
      42
      37
      46
      36
      36
      31
      27
      33
      37
      40
      35
      33
      33
      34
      33
      33
      38
      22
      39
      28
      33
      25
      26
      42
      22
      36
      36
      24
      32
      41
      26
      27
      25
      30
      33
      30
      26
      37
      26
      27
      38
      29
      34
      31
      31
      21
      25
      30
      27
      24
      32
      22
      22
      22
      22
      26
      28
      29
      24
      35
      25
      24
      35
      26
      23
      31
      29
      27
      23
      30
      25
      24
      28
      21
      23
      19
      24
      20
      29
      20
      19
      26
      28
      26
      15
      28
      27
      22
      15
      21
      20
      14
      22
      29
      20
      20
      14
      26
      22
      13
      22
      18
      25
      14
      19
      16
      25
      14
      19
      28
      13
      13
      18
      24
      22
      13
      20
      18
      18
      21
      19
      15
      23
      14
      21
      12
      21
      14
      18
      22
      13
      14
      18
      17
      19
      10
      13
      19
      13
      14
      14
      18
      22
      17
      15
      13
      13
      14
      10
      18
      10
      19
      13
      12
      24
      21
      11
      19
      21
      21
      20
      17
      18
      12
      13
      15
      12
      12
      12
       9
      15
       8
      11
       6
       9
      11
      17
      18
      14
      13
      10
      13
      13
      10
      17
      18
       7
      10
       9
      12
      10
       9
       5
      10
      11
      12
      15
      14
      10
       7
       7
       4
       5
      11
       8
       3
      13
       9
       7
      11
      11
       4
      14
      15
       5
      15
      12
       5
       7
      12
       6
      13
       8
       6
       8
      16
       8
       8
       9
       8
      15
      18
       6
       8
       9
      10
       7
       8
      11
       6
      11
      13
       4
       9
      10
       8
       8
       8
       5
       9
       9
       9
       6
       9
       4
      13
       9
       7
       8
      11
      12
       9
      11
       4
      11
       9
       9
      17
       4
       4
      11
      13
      17
       5
       4
       7
      12
       7
      12
      13
      12
       5
      16
      10
      16
      15
      10
      22
       9
       5
       6
      18
       9
      12
       6
       7
       9
       6
       6
      10
       5
      11
       6
      13
       7
      12
      10
      11
       8
       8
       4
      14
      10
       4
       5
      12
       5
       9
       7
       6
       8
       6
       7
       4
       3
       5
       4
       7
       8
       7
       6
       7
       3
       1
       2
       1
       3
       5
       3
       8
       4
       6
       4
       0
       4
       6
       4
       3
       5
       5
       4
       6
       4
       4
       6
       3
       6
       6
       9
       7
       4
       6
       5
       5
       5
       4
       7
       6
       5
       3
       4
       4
       7
       5
       6
       2
       6
       7
       2
       2
       6
       8
       3
       4
       5
       2
       7
       7
       4
       2
       2
       5
       4
       1
       4
       3
       5
       1
       2
       1
       4
       1
       1
       1
       1
       3
       2
       4
       1
       2
       2
       1
       0
       1
       4
       5
       0
       1
       0
       2
       3
       0
       1
       1
       2
       2
       1
       1
       0
       1
       0
       3
       1
       3
       0
       0
       1
       0
       0
       2
       0
       0
       3
       1
       1
       0
       0
       0
       0
       0
       1
       2
       1
       2
       1
       1
       0
       2
       0
       3
       1
       0
       1
       2
       0
       2
       1
       0
       1
       2
       0
       0
       1
       1
       0
       2
       1
       0
       0
       1
       0
       0
       2
       0
       1
       0
       1
       0
       1
       0
       0
       0
       1
       0
       0
       0
       0
       0
       1
       1
       1
       2
       0
       0
       0
       1
       1
       0
       0
       1
       2
       1
       0
       0
       1
       1
       0
       2
       0
       0
       1
       0
       1
       1
       3
       1
       0
       1
       0
       1
       0
       2
       0
       2
       1
       0
       0
       0
       0
       1
       0
       0
       1
       0
       1
       0
       1
       0
       0
       1
       0
       1
       0
       1
       1
       1
       0
       0
       2
       0
       1
       0
       1
       0
       2
       0
       3
       1
       0
       0
       0
       0
       0
       1
       0
       0
       0
       1
       0
       1
       0
       1
       0
       0
       0
       1
       3
       1
       0
       0
       0
       0
       0
       0
       1
       0
       0
       2
       0
       0
       0
       1
       0
       1
       0
       0
       0
       0
       0
       0
       1
       0
       2
       0
       0
       0
       2
       0
       0
       0
       0
       0
       0
       0
       0
       0
       1
       1
       1
       0
       1
       0
       0
       0
       2
       1
       0
       1
       0
       0
       1
       0
       0
       1
       1
       0
       0
       0
       0
       0
       1
       0
       0
       0
       0
       0
       1
       0
       0
       0
       0
       0
       1
       0
       0
       0
       0
       0
       0
       2
       0
       1
       1
       1
       1
       0
       0
       1
       1
       1
       0
       2
       0
       0
       0
       0
       0
       0
       0
       1
       0
       0
       0
       0
       0
       0
       0
       0
       1
       0
       0
       1
       0
       0
       0
       0
       0
       0
       0
       0
       0
       0
       1
       0
       1
       0
       1
       1
       0
       1
       0
       0
       0
       0
       0
       1
       2
       0
       0
       0
       3
       1
       2
       0
       1
       0
       0
       1
       0
       0
       1
       0
       0
       0
       0
       0
       0
       0
       0
       0
       1
       1
       0
       0
       0
       0
       0
       2
       0
       0
       0
       1
       0
       1
       1
       1
       0
       1
       1
       0
       0
       0
       2
       0
       0
       1
       0
       0
       1
       0
       0
       0
       1
       1
       0
       1
       0
       0
       1
       0
       0
       0
       3
       1
       0
       0
       1
       0
       0
       0
       0
       0
       1
       1
       0
       0
       0
       1
       0
       0
       0
       0
       1
       0
       0
       0
       1
       0
       1
       1
       0
       0
       0
       0
       0
       1
       0
       0
       0
       0
       0
       1
       1
       0
       1
       0
       0
       0
       0
       0
       0
       0
       0
       0
       2
       0
       0
       0
       0
       0
       1
       0
       0
       0
       0
       0
       0
       0
       1
       0
       0
       0
       2
       0
       0
       0
       0
       0
       0
       0
       0
       0
       0
       0
       0
       0
       0
       0
       0
       0
       1
       0
       0
       0
       0
       0
       0
       0
       0
       0
       1
       0
       1
       0
       0
       2
       0
       0
       0
       0
       0
       1
       1
       1
       0
       0
       0
       0
       0
       0
       0
       0
       0
       0
       0
       0
       0
       0
       0
       0
       0
       0
       0
       0
       0
       1
       1
       0
       0
       0
       0
       0
       0
       0
       0
       0
       0
       0
       0
       1
       0
       0
       0
       2
       0
       1
       0
       0
       0
       0
       2
       1
       1
       1
       1
       0
       0
       1
       0
       1
       2
       1
       0
       0
       0
       0
       0
       0
       1
       1
       2
       1
       0
       2
       0
       0
       1
       0
       1
       1
       1
       4
       1
       0
       0
       1
       0
       0
       0
       0
       0
       0
       0
       0
       0
       0
       1
       0
       0
       2
       1
       0
       0
       0
       1
       1
       1
       0
       0
       0
       0
       0
       0
       1
       0
       0
       0
       0
       0
       0
       0
       0
       0
       0
       0
       1
       0
       3
       1
       1
       0
       1
       1
       0
       0
       0
       0
       0
       0
       0
       0
       1
       0
       0
       0
       0
       0
       0
       0
       0
       0
       0
       1
       0
       0
       1
       0
       0
       0
       0
       0
       0
       0
       1
       0
       0
       0
       0
       0
       0
       0
       0
       1
       0
       0
       0
       1
       0
       0
       0
       0
       0
       0
       0
       0
       0
       1
       0
       0
       0
       0
       0
       0
       0
       0
       0
       0
       0
       0
       0
       0
       0
       0
       1
       0
       0
       0
       0
       0
       0
       0
       0
       0
       0
       0
       0
       0
       0
       0
       0
       0
       0
       0
       0
       0
       0
       0
       0
       1
       0
       0
       0
       0
       0
       0
       0
       0
       0
       0
       0
       0
       0
       0
       0
       0
       0
       0
       0
       0
       0
       0
       0
       0
       0
       0
       0
       0
       0
       0
       0
       0
       1
       0
       0
       0
       0
       0
       0
       0
       0
       0
       0
       0
       0
       0
       0
       0
       0
       0
       0
       0
       0
       0
       1
       0
       0
       0
       0
       0
       0
       0
       0
       0
       0
       0
       0
       0
       0
       0
       0
       0
       0
       0
       0
       0
       0
       0
       0
       0
       0
       0
       0
       0
       0
       0
       0
       0
       0
       0
       0
       0
       0
       0
       0
       0
       0
       0
       0
       0
       0
       0
       0
       0
       0
       0
       0
       0
       0
       0
       0
       0
       0
       0
       0
       0
       0
       0
       0
       0
       0
       0
       0
       0
       0
       0
       0
       0
       0
       0
       0
       0
       0
       0
       0
       0
       0
       0
       0
       0
       0
       0
       0
       0
       0
       0
       0
       0
       0
       0
       0
       0
       0
       0
       0
       0
       0
       0
       0
       0
       0
       0
       0
       0
       0
       0
       0
       0
       0
       0
       0
       0
       0
       0
       0
       0
       0
       0
       0
       0
       0
       0
       0
       0
       0
       0
       0
       0
       0
       0
       0
       0
       0
       0
       0
       0
       0
       0
       0
       0
       0
       0
       0
       0
       0
       0
       0
       0
       0
       0
       0
       0
       0
       0
       0
       0
       0
       0
       0
       0
       0
       0
       0
       0
       0
       0
       0
       0
       0
       0
       0
       0
       0
       0
       0
       0
       0
       0
       0
       0
       0
       0
       0
       0
       0
       0
       0
       0
       0
       0
       0
       0
       0
       0
       0
       0
       0
       0
       0
       0
       0
       0
       0
       0
       0
       0
       0
       0
       0
       0
       0
       0
       0
       0
       0
       0
       0
       0
       0
       0
       0
       0
       0
       0
       0
       0
       0
       0
       0
       0
       0
       0
       0
       0
       0
       0
       0
       0
       0
       0
       0
       0
       0
       0
       0
       0
       0
       0
       0
       0
       0
       0
       0
       0
       0
       0
       0
       0
       0
       0
       0
       0
       0
       0
       0
       0
       0
       0
       0
       0
       0
       0
       0
       0
       0
       0
       0
       0
       0
       0
       0
       0
       0
       0
       0
       0
       0
       0
       0
       0
       0
       0
       0
       0
       0
       0
       0
       0
       0
       0
       0
       0
       0
       0
       0
       0
       0
       0
       0
       0
       0
       0
       0
       0
       0
       0
       0
       0
       0
       0
       0
       0
       0
       0
       0
       0
       0
       0
       0
       0
       0
       0
       0
       0
       0
       0
       0
       0
       0
       0
       0
       0
       0
       0
       0
       0
       0
       0
       0
       0
       0
       0
       0
       0
       0
       0
       0
       0
       0
       0
       0
       0
       0
       0
       0
       0
       0
       0
       0
       0
       0
       0
       0
       0
       0
       0
       0
       0
       0
       0
       0
       0
       0
       0
       0
       0
       0
       0
       0
       0
       0
       0
       0
       0
       0
       0
       0
       0
       0
       0
       0
       0
       0
       0
       0
       0
       0
       0
       0
       0
       0
       0
       0
       0
       0
       0
       0
       0
       0
       0
       0
       0
       0
       0
       0
       0
       0
       0
$ROI:
1
10 10
$PRESETS:
None
0
0
$ENER_FIT:
0.000000 0.000000
$MCA_CAL:
3
0.000000E+000 0.000000E+000 0.000000E+000 
$SHAPE_CAL:
3
0.000000E+000 0.000000E+000 0.000000E+000
