$SPEC_ID:
Beryllilum 1 Calibration
$SPEC_REM:
DET# 1
DETDESC# DESKTOP-T9B70KN Easy-MCA-8k SN 15013759
AP# Maestro Version 7.01
$DATE_MEA:
01/26/2023 11:51:58
$MEAS_TIM:
272 277
$DATA:
0 2047
       0
       0
       0
       0
       0
       0
       0
       0
       0
       0
       0
       0
       0
       0
       0
       0
       1
       1
       0
       1
       0
       1
       1
       2
       1
       1
       0
       1
       2
       0
       2
       4
       1
       7
      19
      64
     124
     321
     729
    1395
    2652
    4242
    6494
    9227
   12906
   16885
   21740
   27070
   31925
   35637
   38793
   39637
   39279
   38236
   36820
   34350
   32207
   30147
   28203
   26633
   24622
   22820
   21394
   19550
   18251
   16836
   15343
   14346
   13008
   12211
   11106
   10327
    9194
    8456
    7856
    7192
    6669
    6064
    5484
    5008
    4764
    4337
    3915
    3542
    3387
    3020
    2820
    2589
    2533
    2262
    2095
    2000
    1852
    1656
    1535
    1401
    1256
    1197
    1175
    1081
    1025
     912
     816
     788
     731
     682
     650
     583
     594
     500
     505
     483
     420
     378
     369
     342
     352
     321
     312
     270
     254
     245
     241
     222
     196
     200
     178
     164
     177
     135
     155
     159
     155
     148
     120
     131
     111
     126
     116
     109
     109
      93
     117
     107
      90
     105
      92
      91
      91
      73
      77
      68
      75
      68
      81
      48
      65
      73
      78
      56
      68
      64
      78
      73
      66
      71
      61
      63
      70
      68
      68
      55
      57
      64
      56
      53
      48
      51
      58
      51
      40
      55
      56
      49
      35
      39
      47
      41
      46
      30
      45
      37
      40
      46
      51
      34
      44
      44
      36
      35
      41
      35
      44
      44
      41
      32
      34
      38
      34
      38
      39
      43
      35
      31
      31
      30
      34
      40
      37
      45
      35
      36
      31
      28
      39
      39
      31
      43
      28
      38
      25
      30
      24
      37
      45
      40
      38
      40
      35
      37
      39
      35
      38
      45
      41
      43
      29
      43
      36
      39
      32
      40
      42
      41
      35
      43
      36
      30
      43
      31
      22
      29
      29
      14
      27
      22
      30
      25
      31
      25
      36
      28
      26
      29
      19
      28
      28
      24
      29
      22
      21
      35
      28
      31
      29
      25
      28
      20
      36
      28
      26
      23
      23
      22
      25
      24
      22
      19
      28
      28
      23
      19
      24
      19
      13
      21
      22
      14
      18
      24
      23
      17
      14
      17
      18
      20
      14
      15
      14
      23
      22
      21
      20
      19
      19
      26
      11
      13
      20
      22
      21
      11
      25
      19
      18
      10
      12
      18
      15
      15
      21
      18
      18
      12
      12
      20
      10
      23
      17
      20
      12
      10
      14
      12
      19
      15
      15
      13
      12
      13
      15
      16
      13
      15
      13
      16
      16
      11
      20
       7
      16
      12
      14
      18
      17
      14
      16
      14
       7
      17
      11
      13
      12
      14
      14
      18
      10
      25
       6
      10
      17
      13
      13
      10
      12
       7
      11
      14
      17
      13
      13
      18
      11
      16
      12
      19
       9
      14
      10
       9
      16
       9
      10
      14
      15
      19
      18
      25
      14
      12
      15
      14
      14
      22
      14
      14
      18
      18
      17
      14
      14
      16
      14
      11
       8
      14
       9
      15
      15
      12
      11
      11
       7
      17
      15
      16
      11
      12
      14
      18
      14
      11
      17
      14
      20
      21
      14
      15
      10
      10
       5
      11
      13
      18
      14
      12
      19
      12
      12
      13
      12
      14
      11
      12
      11
      13
       9
       8
       5
      14
       9
      16
      11
      18
      16
       9
       7
       9
       9
      12
       9
      10
       4
       5
       5
       8
       8
      11
       9
      15
      11
      10
       3
      10
       6
      10
      10
      11
       5
       6
       7
       4
       8
      13
      10
      11
      14
      10
       5
      13
       8
      10
       5
       6
      15
       8
      12
      16
       5
      11
      11
      11
      10
       7
      11
       5
      17
      12
      17
       8
      13
       6
       7
      13
       7
      13
       9
      10
       2
       9
       6
      10
       9
       8
       8
      11
      10
       9
       7
       7
       5
       3
       5
      13
       8
       6
      10
      11
       5
       9
       5
       9
       6
      11
      10
       8
       4
       9
      11
       7
       3
       7
      11
       8
       8
      14
      11
       7
       7
       8
       8
       3
       6
      10
       7
       8
       4
      10
       8
      10
       7
       4
       7
       4
      17
       8
       8
       5
       5
       6
       4
       7
       7
       9
       9
       9
      10
       2
       5
       5
       7
       7
       8
       4
       5
       8
       5
       4
       6
       6
       7
       9
       6
       3
       4
       3
       4
       7
       7
       5
       4
       6
       6
       5
      10
       2
      12
       7
       6
       5
       3
       5
       6
       9
       3
       9
       8
       9
       8
       8
       8
       7
       5
      12
       7
       9
       9
      12
      14
       7
      13
      14
      19
      14
      10
      10
       9
       8
      13
      16
      10
      10
      11
      13
      16
      12
      17
      15
      15
      18
      11
      11
      11
       8
      19
      11
      14
      15
       9
      18
       6
      15
      15
       8
      12
      19
      10
      10
       7
      17
       7
       6
      12
       9
       5
       6
      10
      10
       7
       6
       7
       7
       5
       8
       5
       8
       8
       5
       9
       9
       4
       7
       7
       8
       5
      10
       5
      11
       6
       4
       5
       3
       5
       8
       4
       2
       1
       4
       3
       4
       4
       2
       6
       5
       1
       6
       2
       6
       8
       3
       5
       2
       5
       3
       0
       6
       3
       1
       4
       4
       2
       5
       2
       2
       5
       3
       1
       1
       6
       3
       5
       5
       1
       2
       2
       1
       1
       2
       2
       3
       3
       2
       5
       0
       3
       3
       2
       2
       6
       4
       2
       4
       2
       1
       6
       4
       3
       4
       5
       1
       6
       2
       1
       1
       0
       2
       2
       1
       0
       3
       2
       4
       2
       4
       3
       5
       6
       6
       5
       1
       1
       4
       2
       1
       3
       2
       0
       3
       4
       2
       0
       3
       4
       2
       0
       3
       6
       3
       3
       2
       4
       3
       3
       3
       4
       1
       4
       3
       2
       2
       2
       4
       0
       2
       1
       1
       5
       1
       2
       4
       1
       2
       3
       1
       3
       3
       3
       1
       3
       1
       0
       4
       3
       0
       2
       2
       0
       0
       4
       3
       0
       4
       2
       5
       1
       2
       2
       0
       4
       3
       0
       1
       4
       2
       2
       3
       0
       0
       2
       3
       1
       5
       3
       1
       2
       4
       3
       4
       2
       1
       7
       1
       1
       3
       2
       1
       1
       0
       3
       0
       4
       2
       2
       2
       2
       2
       2
       2
       1
       3
       1
       4
       1
       2
       2
       4
       0
       0
       3
       0
       0
       1
       2
       2
       0
       1
       1
       4
       1
       2
       4
       1
       2
       2
       1
       2
       1
       1
       1
       4
       2
       5
       4
       1
       1
       4
       1
       4
       3
       2
       1
       2
       1
       2
       3
       4
       2
       2
       3
       1
       1
       1
       2
       2
       2
       3
       1
       1
       1
       1
       1
       3
       0
       1
       4
       2
       5
       3
       9
       4
       1
       2
       3
       0
       1
       2
       5
       2
       5
       0
       1
       6
       1
       5
       2
       5
       2
       3
       1
       2
       3
       2
       5
       4
       1
       5
       5
       3
       1
       0
       2
       4
       3
       3
       4
       2
       2
       5
       4
       0
       4
       6
       3
       5
       8
       2
       0
       2
       5
       3
       6
       4
       0
       3
       5
       6
       6
       3
       6
       1
       4
       5
       1
       1
       3
       2
       4
       1
       1
       3
       3
       1
       1
       1
       2
       4
       1
       3
       1
       3
       8
       5
       2
       2
       0
       2
       3
       2
       1
       2
       0
       3
       0
       0
       1
       0
       4
       1
       1
       1
       2
       1
       0
       1
       3
       3
       4
       2
       0
       3
       0
       3
       0
       2
       3
       1
       0
       5
       2
       2
       0
       2
       0
       1
       3
       1
       1
       1
       1
       2
       1
       2
       2
       2
       1
       3
       1
       0
       0
       2
       0
       0
       2
       0
       1
       0
       1
       2
       2
       1
       0
       1
       0
       1
       1
       3
       1
       3
       0
       1
       1
       1
       0
       1
       3
       1
       1
       5
       0
       3
       2
       3
       0
       0
       1
       0
       3
       1
       1
       3
       1
       2
       2
       0
       2
       0
       3
       1
       2
       0
       0
       1
       2
       4
       2
       1
       1
       1
       3
       3
       1
       2
       1
       1
       5
       1
       1
       1
       1
       5
       3
       0
       1
       1
       2
       0
       0
       1
       0
       2
       2
       1
       0
       3
       1
       2
       1
       0
       2
       1
       1
       2
       2
       1
       1
       4
       1
       0
       1
       0
       1
       0
       1
       4
       1
       0
       2
       1
       2
       1
       4
       0
       1
       2
       0
       0
       1
       2
       2
       1
       3
       0
       2
       1
       1
       2
       1
       2
       0
       1
       2
       3
       1
       0
       0
       1
       1
       2
       1
       1
       2
       1
       0
       2
       2
       0
       0
       0
       2
       1
       1
       1
       0
       1
       0
       0
       0
       1
       0
       1
       0
       1
       0
       2
       1
       1
       0
       1
       2
       1
       1
       0
       0
       0
       0
       0
       1
       0
       1
       0
       0
       2
       0
       0
       0
       1
       0
       2
       0
       0
       0
       0
       1
       1
       2
       0
       0
       0
       1
       0
       1
       1
       0
       0
       1
       1
       0
       1
       0
       1
       1
       1
       1
       0
       1
       2
       0
       0
       1
       1
       4
       0
       1
       0
       1
       0
       0
       1
       0
       0
       2
       2
       1
       1
       0
       1
       0
       1
       1
       0
       0
       0
       0
       0
       0
       0
       0
       0
       1
       0
       1
       0
       0
       2
       0
       0
       0
       0
       1
       0
       0
       0
       0
       1
       0
       0
       0
       0
       0
       2
       1
       0
       2
       1
       0
       0
       0
       1
       0
       1
       0
       0
       2
       0
       0
       0
       1
       2
       1
       0
       0
       1
       0
       0
       0
       0
       1
       0
       1
       1
       1
       0
       0
       0
       1
       1
       1
       0
       0
       0
       1
       0
       2
       0
       0
       0
       0
       0
       3
       0
       0
       2
       1
       0
       0
       2
       0
       0
       1
       0
       0
       0
       0
       1
       4
       0
       0
       2
       2
       1
       1
       2
       0
       0
       1
       0
       0
       0
       0
       0
       2
       0
       1
       1
       0
       2
       0
       0
       0
       3
       0
       0
       1
       1
       0
       2
       0
       2
       0
       1
       1
       0
       0
       2
       0
       2
       0
       0
       0
       1
       1
       0
       0
       0
       0
       0
       0
       0
       0
       0
       0
       0
       0
       0
       1
       1
       1
       1
       0
       0
       1
       0
       0
       2
       0
       2
       0
       0
       1
       0
       0
       0
       2
       0
       0
       1
       1
       0
       0
       0
       0
       0
       1
       1
       1
       1
       1
       1
       0
       0
       0
       0
       2
       1
       0
       0
       0
       2
       0
       0
       0
       0
       0
       1
       0
       1
       2
       0
       0
       0
       0
       0
       0
       0
       0
       0
       1
       1
       0
       0
       3
       0
       0
       1
       1
       1
       3
       1
       1
       2
       0
       3
       0
       0
       2
       0
       0
       0
       0
       0
       1
       0
       1
       0
       0
       0
       1
       0
       1
       0
       0
       0
       1
       0
       0
       0
       1
       1
       1
       1
       0
       0
       1
       0
       1
       1
       1
       0
       0
       0
       0
       1
       0
       0
       0
       0
       0
       0
       0
       0
       0
       0
       0
       0
       0
       0
       0
       0
       0
       0
       0
       0
       0
       0
       0
       0
       0
       0
       0
       0
       0
       0
       0
       0
       0
       0
       0
       0
       0
       0
       0
       0
       0
       0
       0
       0
       0
       0
       0
       0
       0
       0
       0
       0
       0
       0
       0
       0
       0
       0
       0
       0
       0
       0
       0
       0
       0
       0
       0
       0
       0
       0
       0
       0
       0
       0
       0
       0
       0
       0
       0
       0
       0
       0
       0
       0
       0
       0
       0
       0
       0
       0
       0
       0
       0
       0
       0
       0
       0
       0
       0
       0
       0
       0
       0
       0
       0
       0
       0
       0
       0
       0
       0
       0
       0
       0
       0
       0
       0
       0
       0
       0
       0
       0
       0
       0
       0
       0
       0
       0
       0
       0
       0
       0
       0
       0
       0
       0
       0
       0
       0
       0
       0
       0
       0
       0
       0
       0
       0
       0
       0
       0
       0
       0
       0
       0
       0
       0
       0
       0
       0
       0
       0
       0
       0
       0
       0
       0
       0
       0
       0
       0
       0
       0
       0
       0
       0
       0
       0
       0
       0
       0
       0
       0
       0
       0
       0
       0
       0
       0
       0
       0
       0
       0
       0
       0
       0
       0
       0
       0
       0
       0
       0
       0
       0
       0
       0
       0
       0
       0
       0
       0
       0
       0
       0
       0
       0
       0
       0
       0
       0
       0
       0
       0
       0
       0
       0
       0
       0
       0
       0
       0
       0
       0
       0
       0
       0
       0
       0
       0
       0
       0
       0
       0
       0
       0
       0
       0
       0
       0
       0
       0
       0
       0
       0
       0
       0
       0
       0
       0
       0
       0
       0
       0
       0
       0
       0
       0
       0
       0
       0
       0
       0
       0
       0
       0
       0
       0
       0
       0
       0
       0
       0
       0
       0
       0
       0
       0
       0
       0
       0
       0
       0
       0
       0
       0
       0
       0
       0
       0
       0
       0
       0
       0
       0
       0
       0
       0
       0
       0
       0
       0
       0
       0
       0
       0
       0
       0
       0
       0
       0
       0
       0
       0
       0
       0
       0
       0
       0
       0
       0
       0
       0
       0
       0
       0
       0
       0
       0
       0
       0
       0
       0
       0
       0
       0
       0
       0
       0
       0
       0
       0
       0
       0
       0
       0
       0
       0
       0
       0
       0
       0
       0
       0
       0
       0
       0
       0
       0
       0
       0
       0
       0
       0
       0
       0
       0
       0
       0
       0
       0
       0
       0
       0
       0
       0
       0
       0
$ROI:
1
10 10
$PRESETS:
None
0
0
$ENER_FIT:
0.000000 0.000000
$MCA_CAL:
3
0.000000E+000 0.000000E+000 0.000000E+000 
$SHAPE_CAL:
3
0.000000E+000 0.000000E+000 0.000000E+000
