$SPEC_ID:
Beryllilum 1 Calibration
$SPEC_REM:
DET# 1
DETDESC# DESKTOP-T9B70KN Easy-MCA-8k SN 15013759
AP# Maestro Version 7.01
$DATE_MEA:
01/26/2023 12:35:41
$MEAS_TIM:
206 215
$DATA:
0 2047
       0
       0
       0
       1
       1
       0
       0
       0
       0
       0
       0
       0
       0
       1
       0
       0
       1
       0
       1
       0
       1
       0
       2
       0
       1
       2
       2
       7
       5
       9
      12
      16
      48
      88
     215
     431
     886
    1650
    2752
    4713
    7358
   10904
   15218
   19935
   25241
   30688
   35951
   40434
   43882
   45913
   47846
   47052
   45840
   44603
   42526
   39851
   38128
   36256
   34378
   32944
   30962
   29160
   27720
   26189
   24626
   23228
   21779
   20569
   19344
   18055
   17128
   15925
   14917
   13872
   13246
   12428
   11680
   10892
   10079
    9599
    8929
    8326
    7774
    7340
    6881
    6343
    5846
    5531
    5326
    4950
    4606
    4507
    4221
    3967
    3771
    3453
    3289
    3151
    2865
    2786
    2667
    2434
    2336
    2230
    2081
    2048
    1942
    1788
    1710
    1630
    1546
    1320
    1366
    1286
    1234
    1143
    1103
    1018
     944
     918
     881
     845
     750
     752
     710
     669
     685
     598
     525
     550
     582
     524
     451
     437
     474
     417
     408
     373
     333
     352
     357
     288
     295
     293
     317
     256
     279
     230
     231
     242
     203
     219
     221
     174
     200
     202
     186
     191
     190
     143
     169
     165
     162
     145
     181
     140
     135
     153
     124
     113
     124
     137
     139
     141
     124
     123
     131
     111
     114
     109
     108
      85
     110
      99
     100
     111
      95
      96
      60
     110
      89
      98
      97
      85
      89
     104
      97
      93
      82
      90
      85
     100
      81
      86
      94
      89
      86
      78
      95
      69
      96
     101
      91
      94
     109
      92
      96
     111
     113
     108
     136
     117
     116
     124
     142
     161
     188
     208
     195
     230
     224
     255
     216
     257
     256
     262
     250
     302
     241
     260
     247
     238
     281
     288
     247
     249
     257
     232
     207
     199
     181
     170
     155
     181
     126
     123
     106
     121
     117
     100
     114
      91
      68
      68
      74
      56
      82
      70
      62
      55
      63
      46
      64
      62
      34
      65
      67
      57
      48
      60
      54
      52
      56
      55
      54
      66
      62
      49
      34
      51
      45
      54
      50
      51
      42
      43
      58
      47
      37
      49
      40
      36
      50
      60
      48
      47
      51
      56
      46
      35
      41
      46
      36
      48
      37
      40
      39
      52
      66
      28
      46
      30
      41
      36
      55
      58
      38
      44
      51
      43
      30
      36
      35
      37
      39
      35
      36
      33
      34
      38
      45
      37
      41
      39
      37
      40
      43
      47
      47
      27
      37
      45
      47
      59
      36
      37
      42
      36
      39
      33
      51
      39
      40
      36
      43
      33
      37
      35
      39
      29
      36
      40
      47
      41
      34
      37
      36
      43
      37
      42
      30
      48
      38
      40
      30
      30
      43
      40
      34
      44
      35
      36
      44
      30
      31
      38
      26
      33
      36
      37
      41
      41
      32
      24
      42
      44
      20
      28
      28
      37
      41
      24
      41
      39
      39
      34
      36
      28
      42
      40
      33
      41
      39
      41
      36
      43
      42
      40
      35
      33
      45
      37
      32
      46
      35
      36
      35
      37
      40
      39
      33
      29
      48
      22
      39
      29
      26
      28
      33
      27
      30
      28
      35
      39
      29
      34
      36
      25
      34
      38
      29
      36
      32
      34
      35
      48
      34
      38
      42
      37
      25
      32
      39
      41
      35
      32
      35
      37
      30
      39
      27
      27
      30
      31
      27
      41
      29
      23
      27
      26
      48
      28
      42
      33
      36
      28
      40
      37
      43
      39
      29
      38
      25
      30
      38
      38
      39
      33
      27
      28
      33
      31
      27
      35
      34
      35
      28
      30
      33
      24
      36
      32
      22
      33
      30
      41
      34
      36
      40
      41
      35
      26
      33
      33
      31
      25
      31
      25
      34
      40
      41
      39
      31
      25
      38
      32
      38
      27
      27
      34
      39
      29
      39
      34
      36
      44
      32
      39
      35
      44
      45
      31
      41
      37
      39
      27
      41
      32
      38
      32
      37
      38
      32
      17
      41
      40
      35
      33
      39
      37
      35
      31
      45
      36
      31
      34
      39
      30
      27
      33
      37
      40
      39
      33
      41
      38
      35
      45
      33
      39
      37
      48
      36
      30
      42
      48
      50
      41
      51
      41
      43
      41
      42
      29
      49
      49
      50
      38
      46
      45
      47
      40
      38
      39
      39
      41
      51
      31
      47
      52
      39
      52
      40
      52
      37
      35
      36
      49
      49
      58
      48
      37
      42
      40
      55
      65
      32
      44
      55
      36
      51
      48
      46
      44
      54
      49
      48
      39
      36
      49
      36
      46
      44
      37
      45
      42
      41
      41
      34
      41
      37
      43
      50
      34
      35
      53
      49
      42
      41
      46
      35
      61
      45
      46
      47
      36
      48
      38
      40
      39
      33
      42
      40
      62
      43
      41
      31
      40
      55
      44
      36
      48
      46
      42
      38
      58
      36
      53
      30
      45
      38
      51
      44
      39
      41
      46
      39
      27
      39
      37
      43
      33
      32
      45
      40
      36
      35
      40
      24
      41
      40
      33
      37
      40
      51
      39
      46
      33
      45
      36
      30
      37
      32
      30
      35
      46
      39
      48
      40
      47
      44
      42
      31
      40
      45
      57
      45
      33
      45
      47
      43
      44
      34
      36
      38
      51
      34
      44
      37
      34
      31
      40
      41
      39
      41
      42
      41
      38
      45
      39
      44
      40
      42
      35
      36
      43
      38
      43
      39
      38
      33
      42
      29
      35
      46
      41
      48
      44
      38
      37
      50
      40
      36
      38
      37
      44
      46
      37
      50
      39
      46
      44
      45
      34
      54
      61
      38
      38
      46
      45
      44
      42
      47
      47
      34
      43
      53
      46
      43
      48
      46
      50
      39
      49
      50
      49
      44
      40
      59
      56
      50
      56
      34
      61
      55
      67
      58
      51
      47
      59
      57
      56
      59
      70
      56
      67
      56
      66
      81
      63
      66
      56
      73
      57
      53
      63
      50
      76
      87
      56
      47
      68
      58
      61
      54
      66
      70
      57
      94
      64
      65
      69
      63
      72
      71
      57
      69
      66
      58
      68
      60
      67
      46
      70
      47
      74
      62
      51
      51
      60
      70
      53
      61
      55
      55
      58
      57
      70
      46
      66
      59
      61
      54
      61
      60
      56
      57
      62
      56
      57
      47
      51
      55
      50
      57
      47
      71
      53
      52
      68
      58
      62
      55
      49
      61
      49
      57
      48
      48
      35
      48
      47
      41
      47
      48
      44
      49
      56
      46
      59
      45
      41
      51
      53
      39
      46
      60
      40
      55
      40
      39
      39
      53
      52
      48
      51
      60
      48
      52
      33
      39
      38
      50
      46
      40
      47
      35
      41
      51
      48
      45
      47
      41
      43
      47
      30
      45
      34
      41
      45
      40
      40
      51
      45
      30
      39
      37
      23
      40
      39
      35
      28
      31
      30
      27
      32
      28
      26
      20
      31
      26
      17
      22
      39
      29
      23
      27
      26
      27
      15
      29
      31
      25
      21
      25
      32
      32
      20
      28
      26
      30
      24
      25
      27
      27
      37
      34
      27
      19
      39
      36
      32
      31
      35
      38
      40
      35
      42
      39
      43
      51
      47
      46
      43
      38
      60
      51
      49
      49
      57
      40
      73
      63
      73
      69
      62
      72
      73
      79
      91
      79
      78
      75
      73
     102
      92
     101
      81
      95
     127
      92
     112
     121
     107
     108
     113
      83
     106
     114
     114
     115
     121
     111
     101
     118
     118
     109
     117
     110
     116
     127
     131
     135
     130
     125
     129
     123
     122
     123
     139
     121
     117
     119
     117
     106
     101
     110
     105
      86
      91
      99
      93
      88
      85
      90
      79
      82
      80
      86
      78
      77
      74
      76
      72
      64
      67
      66
      67
      70
      53
      53
      56
      41
      52
      41
      46
      40
      35
      33
      39
      30
      33
      32
      30
      34
      29
      28
      32
      27
      28
      16
      24
      25
       9
      27
      23
      17
      19
      16
      15
       8
      17
       9
      11
       9
      13
      11
      11
      12
      10
      11
      11
      10
       3
       2
       7
      10
       6
       5
       3
       4
       5
       4
      11
       6
       3
       5
       2
       3
       8
       3
       2
       3
       1
       2
       3
       4
       1
       2
       2
       5
       2
       5
       5
       2
       0
       1
       3
       2
       0
       2
       5
       1
       3
       1
       0
       3
       5
       3
       3
       1
       2
       2
       0
       1
       3
       2
       1
       1
       3
       1
       2
       0
       2
       1
       0
       0
       1
       0
       1
       2
       1
       1
       0
       0
       1
       0
       1
       1
       0
       1
       0
       2
       1
       1
       0
       2
       1
       0
       1
       0
       0
       0
       0
       2
       2
       1
       0
       0
       1
       1
       0
       0
       0
       0
       1
       1
       0
       0
       0
       0
       1
       2
       0
       0
       1
       1
       1
       0
       0
       0
       2
       0
       0
       0
       0
       1
       2
       0
       0
       0
       0
       0
       0
       0
       1
       0
       0
       1
       0
       0
       0
       1
       0
       0
       0
       0
       1
       0
       0
       1
       0
       0
       0
       0
       0
       0
       1
       0
       0
       0
       0
       0
       0
       0
       1
       0
       0
       0
       0
       1
       0
       1
       0
       1
       1
       1
       1
       0
       0
       0
       0
       1
       0
       0
       0
       0
       0
       0
       0
       0
       1
       2
       2
       0
       0
       1
       0
       0
       0
       0
       0
       0
       0
       0
       0
       0
       1
       1
       0
       0
       0
       2
       0
       1
       0
       0
       0
       1
       1
       0
       0
       0
       0
       0
       0
       0
       0
       0
       0
       0
       0
       0
       0
       0
       1
       0
       1
       0
       0
       0
       0
       0
       1
       0
       0
       0
       0
       0
       0
       1
       0
       0
       0
       0
       0
       0
       2
       0
       1
       0
       1
       1
       0
       1
       1
       1
       0
       0
       1
       1
       0
       0
       1
       0
       0
       1
       0
       1
       0
       1
       0
       1
       0
       0
       0
       1
       2
       0
       0
       0
       0
       1
       0
       0
       2
       0
       0
       0
       0
       0
       0
       2
       0
       0
       0
       0
       0
       0
       0
       0
       0
       0
       0
       0
       0
       0
       0
       0
       0
       0
       0
       1
       0
       0
       0
       0
       1
       0
       0
       1
       0
       1
       0
       0
       0
       0
       0
       0
       1
       0
       0
       0
       0
       1
       1
       0
       1
       0
       0
       1
       1
       1
       0
       0
       0
       0
       0
       1
       0
       0
       0
       1
       0
       1
       0
       1
       0
       0
       0
       0
       1
       0
       1
       0
       1
       0
       0
       0
       0
       0
       0
       0
       1
       0
       0
       1
       0
       0
       1
       1
       0
       1
       0
       0
       0
       0
       0
       0
       0
       0
       0
       1
       0
       0
       0
       1
       0
       0
       2
       1
       1
       1
       0
       0
       0
       0
       1
       0
       0
       0
       0
       0
       2
       0
       0
       1
       0
       0
       1
       0
       1
       0
       0
       0
       0
       0
       0
       0
       0
       2
       0
       0
       0
       0
       0
       0
       1
       1
       0
       0
       1
       0
       0
       0
       0
       0
       0
       1
       0
       0
       0
       0
       0
       0
       0
       0
       2
       2
       0
       0
       2
       1
       0
       0
       0
       0
       0
       0
       0
       0
       0
       0
       0
       1
       0
       0
       0
       1
       0
       0
       0
       0
       0
       0
       0
       0
       0
       0
       0
       0
       0
       0
       0
       0
       0
       0
       0
       0
       0
       0
       0
       0
       0
       1
       0
       0
       0
       0
       0
       0
       0
       0
       0
       0
       0
       0
       0
       0
       0
       0
       0
       0
       0
       0
       0
       0
       0
       0
       0
       0
       0
       0
       0
       0
       0
       0
       0
       0
       0
       0
       1
       0
       0
       0
       0
       0
       0
       0
       0
       0
       0
       0
       0
       0
       0
       0
       0
       0
       0
       0
       0
       0
       0
       0
       0
       0
       0
       0
       0
       0
       0
       0
       0
       0
       0
       0
       0
       0
       0
       0
       0
       0
       0
       0
       0
       0
       0
       0
       0
       0
       0
       0
       0
       0
       0
       0
       0
       0
       0
       0
       0
       0
       0
       0
       0
       0
       0
       0
       0
       0
       0
       0
       0
       0
       0
       0
       0
       0
       0
       0
       0
       0
       0
       0
       0
       0
       0
       0
       0
       0
       0
       0
       0
       0
       0
       0
       0
       0
       0
       0
       0
       0
       0
       0
       0
       0
       0
       0
       0
       0
       0
       0
       0
       0
       0
       0
       0
       0
       0
       0
       0
       0
       0
       0
       0
       0
       0
       0
       0
       0
       0
       0
       0
       0
       0
       0
       0
       0
       0
       0
       0
       0
       0
       0
       0
       0
       0
       0
       0
       0
       0
       0
       0
       0
       0
       0
       0
       0
       0
       0
       0
       0
       0
       0
       0
       0
       0
       0
       0
       0
       0
       0
       0
       0
       0
       0
       0
       0
       0
       0
       0
       0
       0
       0
       0
       0
       0
       0
       0
       0
       0
       0
       0
       0
       0
       0
       0
       0
       0
       0
       0
       0
       0
       0
       0
       0
       0
       0
       0
       0
       0
       0
       0
       0
       0
       0
       0
       0
       0
       0
       0
       0
       0
       0
       0
       0
       0
       0
       0
       0
       0
       0
       0
       0
       0
       0
       0
       0
       0
       0
       0
       0
       0
       0
       0
       0
       0
       0
       0
       0
       0
       0
       0
       0
       0
       0
       0
       0
       0
       0
       0
       0
       0
       0
       0
       0
       0
       0
       0
       0
       0
       0
       0
       0
       0
       0
       0
       0
       0
       0
       0
       0
       0
       0
       0
       0
       0
       0
       0
       0
       0
       0
       0
       0
       0
       0
       0
       0
       0
       0
       0
       0
       0
       0
       0
       0
       0
       0
       0
       0
       0
       0
       0
       0
       0
       0
       0
$ROI:
1
10 10
$PRESETS:
None
0
0
$ENER_FIT:
0.000000 0.000000
$MCA_CAL:
3
0.000000E+000 0.000000E+000 0.000000E+000 
$SHAPE_CAL:
3
0.000000E+000 0.000000E+000 0.000000E+000
