$SPEC_ID:
Beryllilum 1 Calibration
$SPEC_REM:
DET# 1
DETDESC# DESKTOP-T9B70KN Easy-MCA-8k SN 15013759
AP# Maestro Version 7.01
$DATE_MEA:
01/26/2023 12:39:39
$MEAS_TIM:
223 234
$DATA:
0 2047
       0
       0
       0
       0
       0
       2
       0
       0
       0
       1
       0
       1
       0
       0
       1
       0
       3
       1
       0
       0
       1
       2
       1
       2
       5
       3
       3
       2
       7
      14
      21
      39
      61
     144
     271
     514
    1041
    1867
    3176
    5066
    7917
   11377
   15049
   19759
   24584
   29223
   33687
   37841
   40677
   42658
   43253
   42905
   41712
   40543
   38486
   37122
   35808
   33509
   32266
   30756
   29152
   27643
   26188
   24839
   23519
   22014
   21062
   19919
   18799
   17663
   16502
   15726
   14766
   13896
   12941
   12282
   11478
   10845
   10092
    9390
    8928
    8381
    7978
    7332
    6971
    6530
    6167
    5822
    5577
    5090
    4868
    4484
    4274
    4099
    3783
    3685
    3385
    3226
    3145
    2925
    2752
    2588
    2497
    2253
    2283
    2114
    1962
    1954
    1860
    1695
    1619
    1588
    1443
    1433
    1324
    1297
    1299
    1131
    1089
    1038
    1008
     935
     887
     838
     828
     814
     713
     700
     684
     627
     598
     593
     563
     536
     494
     468
     497
     420
     423
     405
     416
     412
     383
     370
     351
     332
     376
     303
     307
     293
     298
     262
     294
     255
     258
     248
     237
     221
     234
     213
     188
     218
     202
     203
     173
     185
     179
     161
     188
     135
     167
     159
     147
     156
     146
     144
     160
     148
     130
     143
     133
     123
     111
     137
     109
     117
     141
     106
     119
     117
     123
      98
     126
     102
     112
     111
     109
     107
      96
     104
      95
     104
     107
     107
     106
     120
     116
     108
     101
     106
     133
     106
     100
     119
     115
     111
     130
     114
     117
     120
     131
     135
     162
     148
     168
     149
     178
     193
     194
     226
     241
     245
     254
     271
     302
     308
     326
     373
     371
     361
     342
     402
     371
     397
     397
     386
     376
     398
     407
     345
     378
     311
     358
     321
     299
     269
     239
     246
     216
     212
     186
     174
     148
     146
     138
     110
     107
     103
     114
     109
     106
      73
      93
      94
      81
      70
      67
      78
      92
      86
      77
      70
      64
      64
      64
      67
      58
      71
      59
      48
      63
      59
      68
      75
      56
      62
      59
      55
      56
      54
      55
      57
      69
      71
      51
      58
      54
      43
      64
      54
      57
      56
      58
      50
      49
      48
      52
      45
      50
      44
      42
      48
      46
      44
      52
      39
      44
      53
      34
      57
      41
      66
      37
      38
      46
      47
      43
      41
      33
      36
      41
      40
      50
      42
      42
      46
      57
      49
      51
      43
      51
      50
      35
      44
      39
      40
      43
      43
      54
      41
      40
      41
      49
      41
      57
      50
      37
      39
      34
      44
      40
      41
      31
      40
      29
      34
      50
      46
      40
      41
      38
      39
      31
      44
      40
      48
      44
      39
      53
      32
      32
      47
      33
      41
      50
      28
      44
      44
      46
      44
      44
      45
      45
      45
      40
      39
      39
      30
      27
      50
      33
      34
      39
      32
      34
      32
      37
      35
      38
      46
      44
      29
      35
      36
      33
      40
      40
      36
      41
      38
      36
      31
      39
      44
      47
      36
      39
      39
      47
      41
      46
      34
      43
      37
      38
      28
      34
      41
      45
      31
      44
      52
      41
      27
      32
      37
      31
      29
      29
      38
      36
      30
      40
      45
      34
      36
      43
      38
      39
      35
      35
      28
      30
      39
      44
      41
      41
      33
      47
      27
      50
      35
      44
      38
      45
      33
      38
      48
      37
      46
      40
      37
      36
      39
      35
      35
      34
      40
      33
      54
      40
      32
      30
      51
      35
      36
      37
      31
      47
      25
      40
      37
      41
      37
      43
      42
      35
      35
      36
      33
      42
      35
      36
      46
      33
      50
      33
      38
      43
      27
      32
      33
      38
      31
      41
      37
      38
      32
      29
      28
      32
      37
      39
      44
      33
      33
      28
      40
      35
      35
      32
      48
      41
      42
      31
      37
      38
      43
      31
      42
      50
      30
      33
      37
      32
      37
      55
      34
      36
      39
      31
      44
      39
      39
      40
      43
      47
      30
      37
      36
      44
      28
      45
      33
      37
      39
      38
      42
      32
      44
      31
      38
      35
      46
      45
      46
      43
      33
      39
      37
      34
      30
      44
      40
      34
      40
      44
      45
      31
      46
      58
      47
      41
      58
      38
      52
      41
      58
      41
      52
      53
      39
      47
      55
      45
      45
      49
      62
      42
      49
      44
      54
      52
      56
      46
      46
      43
      47
      58
      58
      49
      49
      44
      58
      50
      53
      49
      48
      50
      46
      53
      51
      47
      53
      61
      45
      47
      45
      48
      47
      54
      53
      25
      41
      53
      45
      45
      51
      45
      39
      56
      53
      52
      46
      47
      62
      37
      58
      54
      46
      38
      49
      40
      51
      51
      34
      41
      51
      43
      52
      46
      50
      52
      56
      51
      50
      47
      42
      50
      39
      51
      43
      42
      46
      51
      40
      50
      45
      44
      37
      40
      58
      42
      43
      49
      46
      53
      44
      47
      60
      51
      40
      53
      44
      52
      49
      42
      36
      41
      39
      39
      36
      56
      34
      55
      43
      38
      52
      45
      40
      53
      41
      45
      38
      50
      49
      52
      36
      42
      48
      46
      38
      41
      52
      60
      44
      53
      40
      42
      52
      42
      53
      38
      52
      38
      32
      43
      34
      42
      49
      39
      49
      48
      42
      51
      46
      34
      52
      57
      46
      48
      42
      40
      46
      49
      48
      47
      42
      39
      46
      60
      46
      33
      40
      38
      59
      38
      42
      38
      41
      51
      39
      35
      40
      46
      51
      56
      52
      50
      44
      36
      51
      35
      44
      43
      49
      57
      45
      47
      45
      28
      35
      45
      57
      36
      50
      48
      41
      42
      45
      53
      44
      49
      45
      58
      53
      57
      48
      44
      55
      53
      42
      51
      43
      57
      48
      46
      36
      55
      64
      48
      60
      61
      55
      49
      64
      62
      59
      55
      73
      70
      66
      40
      77
      61
      67
      82
      59
      54
      68
      53
      66
      61
      59
      77
      77
      63
      76
      81
      73
      76
      69
      72
      96
      81
      70
      73
      76
      86
      74
      68
      78
      67
      91
      71
      73
      78
      87
      80
      82
      79
      85
      64
      61
      61
      80
      84
      82
      86
      61
      67
      66
      76
      54
      68
      72
      53
      58
      62
      66
      56
      78
      51
      71
      57
      63
      71
      66
      67
      78
      60
      63
      71
      68
      75
      71
      63
      62
      66
      75
      67
      52
      64
      70
      63
      46
      60
      58
      58
      62
      70
      63
      56
      78
      49
      70
      51
      77
      75
      58
      75
      55
      60
      59
      53
      54
      62
      52
      48
      77
      52
      56
      48
      62
      56
      60
      38
      51
      59
      50
      56
      54
      54
      55
      49
      51
      45
      55
      58
      53
      54
      53
      53
      50
      43
      53
      49
      64
      39
      44
      41
      47
      34
      56
      52
      49
      45
      39
      50
      50
      46
      53
      38
      45
      43
      41
      34
      52
      29
      33
      41
      34
      32
      45
      29
      36
      31
      38
      32
      31
      36
      33
      22
      44
      29
      34
      30
      28
      35
      27
      30
      30
      36
      35
      30
      26
      38
      38
      27
      30
      24
      28
      23
      40
      30
      35
      32
      32
      32
      38
      30
      31
      33
      48
      37
      48
      42
      49
      42
      46
      46
      47
      43
      64
      53
      54
      58
      60
      77
      66
      64
      72
      61
      80
      68
      66
      85
      96
      60
      91
      90
      81
      94
      79
     115
     108
     114
      89
     108
     107
     113
     120
     111
     127
     118
     115
     152
     127
     136
     132
     142
     120
     145
     127
     134
     130
     170
     139
     132
     133
     143
     144
     130
     153
     180
     134
     162
     119
     133
     141
     145
     133
     132
     112
     112
     129
     121
     128
     137
     125
     126
     100
     106
      97
     102
      91
     116
      99
     110
     109
      77
     100
      89
      75
      97
      85
      76
      64
      78
      58
      78
      83
      62
      72
      67
      61
      54
      61
      53
      54
      59
      51
      44
      39
      39
      34
      40
      30
      34
      29
      36
      32
      17
      17
      35
      22
      23
      15
      13
      21
      22
      18
      14
      14
      18
      17
      11
      12
      16
      10
      10
      10
      11
       8
       4
       5
       8
      10
       8
       9
       9
       6
       4
       4
       4
       5
       5
       5
       7
       9
       4
       5
       7
       5
       3
       2
       2
       6
       6
       4
       6
       3
       4
       2
       3
       5
       4
       3
       3
       3
       3
       4
       1
       2
       1
       1
       0
       1
       1
       2
       1
       3
       1
       1
       0
       3
       2
       1
       2
       1
       0
       2
       0
       2
       1
       2
       4
       1
       0
       1
       0
       1
       1
       3
       1
       1
       0
       1
       0
       1
       0
       0
       1
       0
       0
       0
       1
       1
       2
       1
       0
       1
       0
       1
       0
       0
       0
       0
       0
       0
       1
       0
       0
       0
       0
       0
       2
       2
       3
       0
       1
       0
       2
       0
       0
       1
       2
       0
       1
       2
       0
       0
       2
       2
       2
       1
       0
       0
       1
       0
       1
       0
       1
       0
       1
       0
       1
       2
       3
       1
       1
       0
       0
       0
       1
       0
       0
       1
       1
       0
       1
       2
       0
       0
       3
       0
       0
       1
       1
       2
       0
       1
       0
       0
       1
       0
       0
       0
       0
       0
       0
       0
       2
       0
       0
       1
       1
       2
       0
       0
       0
       0
       1
       0
       1
       0
       0
       1
       0
       0
       0
       0
       1
       0
       0
       0
       0
       0
       0
       0
       0
       3
       0
       1
       0
       0
       1
       1
       0
       1
       1
       0
       0
       1
       1
       0
       0
       1
       1
       0
       0
       1
       0
       1
       0
       1
       1
       0
       0
       1
       1
       0
       0
       0
       0
       1
       1
       1
       2
       1
       1
       1
       0
       0
       1
       0
       0
       0
       0
       0
       2
       0
       0
       1
       0
       1
       0
       1
       2
       1
       0
       1
       0
       1
       0
       0
       0
       0
       1
       0
       0
       0
       0
       1
       1
       0
       1
       0
       0
       1
       0
       2
       0
       0
       0
       0
       2
       0
       1
       1
       1
       0
       0
       1
       1
       0
       1
       0
       0
       1
       0
       0
       0
       0
       0
       1
       0
       0
       1
       0
       1
       0
       0
       1
       0
       0
       1
       1
       0
       0
       1
       1
       1
       0
       1
       1
       1
       0
       1
       0
       0
       1
       0
       0
       0
       0
       2
       1
       0
       1
       0
       0
       0
       0
       0
       1
       0
       1
       1
       1
       1
       0
       0
       0
       0
       0
       0
       1
       2
       0
       0
       0
       0
       0
       0
       1
       0
       1
       0
       0
       0
       1
       1
       1
       0
       0
       0
       0
       0
       0
       0
       0
       0
       0
       0
       0
       0
       2
       0
       3
       1
       0
       0
       0
       1
       0
       0
       1
       1
       0
       0
       0
       0
       1
       1
       0
       0
       1
       0
       1
       0
       0
       0
       0
       0
       0
       0
       1
       1
       0
       2
       0
       2
       2
       1
       1
       0
       0
       1
       0
       0
       1
       0
       1
       0
       2
       1
       0
       1
       0
       0
       1
       0
       1
       0
       1
       1
       0
       0
       1
       0
       0
       0
       1
       2
       0
       0
       1
       1
       1
       0
       0
       1
       0
       0
       0
       0
       0
       0
       1
       0
       0
       0
       0
       0
       0
       1
       0
       0
       0
       0
       0
       0
       0
       0
       0
       0
       0
       0
       0
       0
       0
       0
       0
       0
       0
       0
       0
       0
       0
       0
       0
       0
       0
       0
       0
       0
       0
       0
       0
       0
       0
       0
       0
       0
       0
       0
       0
       0
       0
       0
       0
       0
       0
       0
       0
       1
       0
       0
       0
       0
       0
       0
       1
       0
       0
       0
       0
       0
       0
       0
       0
       0
       0
       0
       0
       0
       0
       0
       0
       0
       0
       0
       0
       0
       0
       0
       0
       0
       0
       0
       0
       0
       0
       0
       0
       0
       0
       0
       0
       0
       0
       0
       0
       0
       0
       0
       0
       0
       0
       0
       0
       0
       0
       0
       0
       0
       0
       0
       0
       0
       0
       0
       0
       0
       0
       0
       1
       0
       0
       0
       0
       1
       0
       0
       0
       0
       0
       0
       0
       0
       0
       0
       0
       0
       0
       0
       0
       0
       0
       0
       0
       0
       0
       0
       0
       0
       0
       0
       0
       0
       0
       0
       0
       0
       0
       0
       0
       0
       0
       0
       0
       0
       0
       0
       0
       0
       0
       0
       0
       0
       0
       0
       0
       0
       0
       0
       0
       0
       0
       0
       0
       0
       0
       0
       0
       0
       0
       0
       0
       0
       0
       0
       0
       0
       0
       0
       0
       0
       0
       0
       0
       0
       0
       0
       0
       0
       0
       0
       0
       0
       0
       0
       0
       0
       0
       0
       0
       0
       0
       0
       0
       0
       0
       0
       0
       0
       0
       0
       0
       0
       0
       0
       0
       0
       0
       0
       0
       0
       0
       0
       0
       0
       0
       0
       0
       0
       0
       0
       0
       0
       0
       0
       0
       0
       0
       0
       0
       0
       0
       0
       0
       0
       0
       0
       0
       0
       0
       0
       0
       0
       0
       0
       0
       0
       0
       0
       0
       0
       0
       0
       0
       0
       0
       0
       0
       0
       0
       0
       0
       0
       0
       0
       0
       0
       0
       0
       0
       0
       0
       0
       0
       0
       0
       0
       0
       0
       0
       0
       0
       0
       0
       0
       0
       0
       0
       0
       0
       0
       0
       0
       0
       0
       0
       0
       0
       0
       0
       0
       0
       0
       0
       0
       0
       0
       0
       0
       0
       0
       0
       0
       0
       0
       0
       0
       0
       0
       0
       0
       0
       0
       0
       0
       0
       0
       0
       0
       0
       0
       0
       0
       0
       0
       0
       0
       0
       0
       0
$ROI:
1
10 10
$PRESETS:
None
0
0
$ENER_FIT:
0.000000 0.000000
$MCA_CAL:
3
0.000000E+000 0.000000E+000 0.000000E+000 
$SHAPE_CAL:
3
0.000000E+000 0.000000E+000 0.000000E+000
