$SPEC_ID:
Beryllilum 1 Calibration
$SPEC_REM:
DET# 1
DETDESC# DESKTOP-T9B70KN Easy-MCA-8k SN 15013759
AP# Maestro Version 7.01
$DATE_MEA:
01/26/2023 11:40:54
$MEAS_TIM:
235 236
$DATA:
0 2047
       0
       0
       0
       0
       0
       0
       0
       0
       0
       0
       0
       0
       0
       0
       0
       0
       0
       0
       0
       0
       0
       0
       0
       0
       0
       0
       0
       0
       0
       0
       0
       0
       0
       0
       0
       0
       1
       0
       0
       0
       1
       1
       1
       0
       0
       7
       6
      13
      25
      53
      93
     134
     165
     223
     261
     293
     266
     277
     258
     252
     254
     260
     251
     234
     233
     245
     239
     199
     228
     227
     231
     221
     237
     222
     227
     202
     219
     187
     222
     208
     207
     226
     207
     201
     182
     178
     194
     191
     188
     205
     188
     183
     174
     210
     158
     189
     191
     185
     213
     186
     192
     192
     198
     183
     190
     183
     182
     182
     172
     198
     190
     174
     166
     177
     177
     142
     173
     164
     158
     173
     160
     171
     153
     155
     152
     135
     151
     135
     146
     147
     117
     142
     110
     105
     122
     125
     148
     114
     137
     124
     114
     123
     117
     115
     101
     122
     105
     121
      96
     132
     109
      91
     116
     103
      84
      97
     100
      91
     111
      91
     110
      87
      99
     108
      94
      89
      88
     101
      96
      98
      81
      88
      93
     108
      79
     101
      58
      78
      64
      86
      88
      78
      77
      74
      82
      77
      71
      58
      80
      77
      81
      78
      74
      69
      70
      75
      73
      66
      75
      76
      64
      67
      73
      77
      89
      61
      68
      60
      73
      73
      77
      58
      69
      63
      72
      65
      70
      54
      72
      67
      44
      62
      67
      66
      67
      74
      60
      66
      67
      70
      74
      55
      49
      49
      62
      50
      60
      71
      63
      58
      73
      76
      57
      62
      59
      73
      48
      51
      67
      79
      54
      50
      72
      71
      68
      60
      58
      53
      51
      53
      75
      57
      66
      70
      59
      64
      47
      40
      50
      69
      60
      65
      61
      68
      59
      63
      52
      57
      47
      62
      49
      66
      60
      60
      60
      58
      71
      57
      54
      61
      53
      55
      52
      58
      51
      50
      64
      49
      53
      57
      55
      53
      38
      61
      58
      55
      60
      50
      54
      57
      57
      60
      60
      56
      58
      61
      51
      57
      53
      53
      51
      53
      68
      61
      43
      49
      52
      52
      72
      49
      53
      61
      49
      54
      45
      50
      48
      57
      49
      45
      56
      55
      49
      59
      53
      60
      47
      59
      45
      42
      47
      43
      56
      56
      56
      48
      53
      59
      66
      44
      52
      53
      62
      49
      49
      50
      48
      62
      56
      66
      46
      49
      55
      50
      61
      54
      50
      55
      50
      54
      54
      51
      51
      64
      56
      46
      53
      70
      54
      62
      72
      57
      57
      61
      84
      43
      52
      57
      55
      53
      58
      70
      65
      58
      60
      58
      54
      60
      61
      62
      63
      59
      58
      45
      43
      65
      66
      61
      61
      65
      55
      85
      61
      65
      51
      53
      71
      60
      69
      62
      67
      58
      63
      46
      68
      61
      77
      59
      57
      59
      65
      51
      53
      40
      42
      54
      51
      46
      50
      52
      47
      53
      47
      43
      49
      36
      67
      39
      47
      56
      50
      36
      44
      45
      42
      28
      53
      32
      53
      54
      44
      43
      39
      46
      32
      43
      52
      38
      37
      43
      45
      44
      36
      37
      51
      45
      39
      48
      35
      48
      49
      25
      37
      38
      42
      33
      43
      48
      41
      36
      43
      46
      46
      38
      45
      39
      44
      38
      40
      38
      44
      43
      46
      52
      47
      44
      33
      44
      41
      28
      43
      54
      44
      53
      33
      57
      36
      49
      44
      51
      48
      66
      65
      81
      69
      70
      74
      71
      66
      78
      78
      92
      80
      86
     100
      95
      87
     108
     102
      93
     103
     112
     112
     115
     103
      97
     119
     118
      97
     131
     107
     117
     115
      92
     125
     105
     113
     109
      90
     119
     103
     106
      83
      86
      86
      96
      77
      79
      89
      73
      77
      83
      76
      60
      78
      55
      47
      43
      53
      52
      53
      47
      58
      42
      39
      43
      52
      49
      39
      47
      48
      46
      51
      34
      48
      48
      47
      58
      65
      44
      72
      71
      55
      59
      60
      69
      80
      63
      78
      70
      74
      79
      82
      80
      80
     115
      80
     102
      77
      83
      75
     102
      89
     103
     106
     101
      96
      90
     103
      76
      81
      87
      88
      72
      81
      71
      70
      72
      64
      67
      90
      67
      67
      71
      60
      59
      64
      51
      41
      56
      49
      53
      42
      46
      39
      43
      34
      44
      31
      34
      27
      35
      19
      23
      27
      28
      29
      23
      23
      15
      31
      21
      28
      14
      20
      23
      20
      18
      17
      33
      19
      18
      22
      16
      29
      18
      16
      15
      16
      17
      21
      14
      17
      26
      18
      18
       6
      15
      15
       9
      14
      13
      16
      15
       9
       9
       6
       8
       7
      11
      10
       7
      13
       8
      11
       8
       9
      14
      11
       7
      18
       4
      11
       7
      10
       5
      12
       7
       7
       5
       8
       5
      16
       5
       9
       3
       9
       6
       7
       2
       7
       8
       4
       7
       3
       5
       2
       6
       8
      10
       8
       4
       9
       7
       6
      10
       3
       3
       5
       3
       4
       6
      10
       3
       5
       9
       5
       2
       1
       2
       4
       6
       5
       1
       2
       7
       3
       9
       5
       4
       7
       2
       2
       3
       4
       6
       3
       3
       7
       3
       7
       4
       4
       6
       2
       4
       3
       7
       5
       7
       6
       4
       5
       2
       3
       4
       7
       0
       8
       2
       5
       3
       2
       3
       1
       6
       1
       3
       4
       3
       3
       8
       6
       5
       4
       2
       3
       9
       5
       2
       4
       1
       4
       5
       5
       3
       5
       8
       4
       2
       0
       8
       3
       2
       4
       7
       3
       4
       6
       2
       4
       2
       4
       2
       3
       4
       3
       5
       5
       4
       5
       2
       2
       4
       3
       7
       9
       3
       4
       2
       3
       5
       0
       3
       6
       4
       1
       1
       2
       4
       3
       2
       4
       6
       4
       2
       3
       5
       8
       3
       3
       4
       4
       3
       3
       5
       5
       4
       1
       1
       4
       5
       1
       1
       1
       5
       5
       0
       4
       3
       5
       3
       2
       2
       5
       0
       3
       1
       2
       4
       4
       3
       4
       4
       3
       2
       5
       3
       3
       1
       5
       3
       3
       5
       3
       2
       3
       4
       2
       2
       5
       2
       1
       5
       4
       1
       3
       5
       4
       1
       4
       3
       3
       6
       6
       1
       4
       5
       4
       2
       2
       4
       2
       3
       1
       2
       3
       4
       1
       2
       4
       2
       4
       6
       4
       3
       2
       4
       3
       2
       2
       7
       1
       1
       1
       4
       4
       3
       2
       4
       4
       6
       1
       5
       8
       3
       3
       0
       1
       4
       5
       4
       2
       6
       3
       3
       0
       2
       2
       4
       6
       2
       3
       1
       6
       3
       4
       5
       6
       3
       2
       3
       3
       4
       4
       2
       5
       3
       2
       2
       2
       5
       1
       3
       6
       5
       4
       3
       1
       3
       4
       2
       9
       1
       3
       2
       1
       2
       2
       5
       3
       2
       1
       3
       3
       6
       4
       3
       4
       4
       4
       4
       0
       0
       5
       1
       3
       1
       7
       3
       3
       5
       1
       4
       4
       1
       1
       5
       0
       3
       2
       1
       2
       3
       1
       4
       1
       1
       1
       2
       2
       0
       2
       0
       1
       1
       1
       3
       0
       1
       0
       2
       1
       1
       1
       2
       2
       0
       1
       3
       1
       0
       0
       2
       3
       5
       2
       3
       2
       3
       0
       3
       3
       1
       1
       1
       1
       1
       1
       1
       2
       3
       1
       1
       1
       2
       0
       3
       0
       0
       3
       0
       3
       2
       5
       2
       2
       1
       0
       3
       2
       1
       1
       0
       0
       2
       2
       1
       2
       2
       1
       2
       3
       4
       0
       1
       2
       1
       3
       1
       9
       2
       5
       5
       5
       1
       2
       4
       3
       1
       6
       9
       3
       4
       1
       6
       5
       6
       3
       2
       4
       6
       2
       8
       2
       0
       4
       4
       2
       4
       3
       5
       3
       3
       5
       3
       8
       2
       4
       3
       4
       4
       3
       1
       4
       7
       5
       2
       4
       4
       3
       1
       4
       2
       2
       7
       6
       5
       1
       2
       2
       1
       1
       2
       2
       3
       2
       3
       2
       1
       3
       1
       1
       5
       0
       3
       1
       3
       2
       1
       0
       0
       0
       0
       3
       2
       4
       0
       1
       1
       0
       0
       0
       0
       2
       1
       0
       1
       0
       1
       1
       1
       3
       0
       1
       0
       1
       0
       0
       1
       1
       0
       0
       2
       0
       0
       1
       1
       0
       1
       1
       2
       0
       1
       1
       0
       0
       0
       0
       0
       0
       1
       2
       0
       0
       0
       2
       1
       0
       0
       0
       0
       0
       1
       0
       0
       0
       0
       1
       0
       0
       0
       0
       0
       0
       0
       0
       0
       0
       0
       0
       0
       0
       1
       0
       0
       0
       0
       0
       0
       0
       0
       0
       0
       0
       0
       0
       0
       0
       0
       0
       0
       0
       0
       0
       0
       0
       0
       0
       1
       0
       0
       0
       0
       0
       0
       0
       0
       0
       0
       0
       1
       0
       0
       0
       0
       0
       0
       0
       0
       0
       0
       0
       0
       0
       0
       0
       0
       0
       0
       0
       1
       0
       0
       0
       1
       0
       1
       1
       0
       0
       0
       0
       0
       0
       0
       0
       0
       0
       0
       0
       0
       0
       0
       0
       0
       0
       0
       0
       0
       0
       0
       0
       0
       0
       0
       0
       0
       0
       0
       0
       0
       0
       0
       0
       0
       0
       0
       0
       0
       0
       0
       0
       0
       0
       0
       0
       0
       0
       1
       0
       0
       0
       0
       0
       0
       0
       0
       0
       0
       0
       0
       0
       0
       0
       0
       0
       0
       0
       0
       0
       0
       0
       0
       0
       0
       0
       0
       0
       0
       0
       0
       0
       0
       1
       0
       0
       0
       1
       0
       0
       0
       0
       0
       0
       0
       0
       0
       0
       0
       0
       0
       0
       0
       0
       0
       0
       0
       0
       0
       0
       0
       0
       0
       0
       0
       0
       0
       0
       1
       0
       0
       0
       0
       0
       0
       0
       0
       0
       0
       0
       0
       0
       0
       0
       0
       0
       0
       0
       0
       0
       0
       0
       0
       0
       0
       0
       0
       0
       0
       0
       0
       0
       0
       0
       0
       1
       0
       0
       0
       0
       0
       0
       0
       0
       0
       0
       0
       0
       0
       0
       0
       0
       0
       0
       0
       0
       0
       0
       0
       0
       0
       0
       0
       0
       0
       0
       0
       1
       0
       0
       1
       0
       0
       0
       0
       0
       0
       0
       0
       0
       0
       0
       0
       0
       0
       0
       0
       0
       0
       0
       0
       0
       0
       0
       0
       0
       0
       0
       0
       0
       0
       0
       0
       0
       0
       1
       0
       0
       0
       0
       0
       0
       0
       0
       0
       0
       0
       0
       0
       0
       0
       0
       0
       0
       0
       0
       0
       0
       0
       0
       0
       0
       0
       0
       0
       0
       0
       0
       0
       0
       0
       0
       0
       0
       0
       0
       0
       0
       0
       0
       0
       0
       0
       0
       0
       0
       0
       0
       0
       0
       0
       0
       0
       0
       0
       0
       0
       0
       0
       0
       0
       0
       0
       0
       0
       0
       0
       0
       0
       0
       0
       0
       0
       0
       0
       0
       0
       0
       0
       0
       0
       0
       0
       0
       0
       0
       0
       0
       0
       0
       0
       0
       0
       0
       0
       0
       0
       0
       0
       0
       0
       0
       0
       0
       0
       0
       0
       0
       0
       0
       0
       0
       0
       0
       0
       0
       0
       0
       0
       0
       0
       0
       0
       0
       0
       0
       0
       0
       0
       0
       0
       0
       0
       0
       0
       0
       0
       0
       0
       0
       0
       0
       0
       0
       0
       0
       0
       0
       0
       0
       0
       0
       0
       0
       0
       0
       0
       0
       0
       0
       0
       0
       0
       0
       0
       0
       0
       0
       0
       0
       0
       0
       0
       0
       0
       0
       0
       0
       0
       0
       0
       0
       0
       0
       0
       0
       0
       0
       0
       0
       0
       0
       0
       0
       0
       0
       0
       0
       0
       0
       0
       0
       0
       0
       0
       0
       0
       0
       0
       0
       0
       0
       0
       0
       0
       0
       0
       0
       0
       0
       0
       0
       0
       0
       0
       0
       0
       0
       0
       0
       0
       0
       0
       0
       0
       0
       0
       0
       0
       0
       0
       0
       0
       0
       0
       0
       0
       0
       0
       0
       0
       0
       0
       0
       0
       0
       0
       0
       0
       0
       0
       0
       0
       0
       0
       0
       0
       0
       0
       0
       0
       0
       0
       0
       0
       0
       0
       0
       0
       0
       0
       0
       0
       0
       0
       0
       0
       0
       0
       0
       0
       0
       0
       0
       0
       0
       0
       0
       0
       0
       0
       0
       0
       0
       0
       0
       0
       0
       0
       0
       0
       0
       0
       0
       0
       0
       0
       0
       0
       0
       0
       0
       0
       0
       0
       0
       0
       0
       0
       0
       0
       0
       0
       0
       0
       0
       0
       0
       0
       0
       0
       0
       0
       0
       0
       0
       0
       0
       0
       0
       0
       0
       0
       0
       0
       0
       0
       0
       0
       0
       0
       0
       0
       0
       0
       0
       0
       0
       0
       0
       0
       0
       0
       0
       0
       0
       0
       0
       0
       0
       0
       0
       0
       0
       0
       0
       0
       0
       0
       0
       0
       0
       0
       0
       0
       0
       0
       0
       0
       0
       0
       0
       0
       0
       0
       0
       0
$ROI:
1
10 10
$PRESETS:
None
0
0
$ENER_FIT:
0.000000 0.000000
$MCA_CAL:
3
0.000000E+000 0.000000E+000 0.000000E+000 
$SHAPE_CAL:
3
0.000000E+000 0.000000E+000 0.000000E+000
