$SPEC_ID:
Beryllilum 1 Calibration
$SPEC_REM:
DET# 1
DETDESC# DESKTOP-T9B70KN Easy-MCA-8k SN 15013759
AP# Maestro Version 7.01
$DATE_MEA:
01/26/2023 11:39:51
$MEAS_TIM:
18 18
$DATA:
0 2047
       0
       0
       0
       0
       0
       0
       0
       0
       0
       0
       0
       0
       0
       0
       0
       0
       0
       0
       0
       0
       0
       0
       0
       0
       0
       0
       0
       0
       0
       0
       0
       1
       0
       0
       3
       8
       0
       6
      13
      25
      27
      44
      64
      92
      97
     126
     163
     211
     246
     299
     304
     311
     329
     360
     346
     354
     335
     356
     379
     378
     398
     327
     421
     380
     385
     427
     398
     384
     382
     395
     387
     403
     398
     429
     422
     429
     425
     416
     472
     474
     473
     444
     509
     462
     560
     545
     567
     577
     570
     539
     594
     621
     552
     579
     612
     621
     578
     580
     576
     565
     561
     591
     567
     589
     553
     519
     556
     520
     502
     498
     494
     488
     489
     525
     482
     464
     473
     471
     504
     456
     432
     448
     481
     425
     419
     442
     428
     423
     438
     410
     411
     457
     413
     436
     397
     385
     389
     401
     420
     410
     370
     391
     376
     423
     404
     383
     397
     425
     425
     379
     417
     413
     411
     376
     391
     406
     380
     378
     397
     366
     377
     369
     371
     422
     374
     388
     366
     378
     422
     376
     382
     383
     428
     416
     409
     406
     400
     436
     388
     414
     412
     418
     397
     421
     394
     370
     403
     429
     374
     401
     406
     413
     413
     427
     434
     427
     377
     438
     446
     393
     367
     399
     409
     375
     384
     423
     424
     383
     367
     387
     384
     372
     386
     359
     344
     338
     318
     318
     309
     297
     261
     285
     242
     261
     267
     226
     225
     217
     187
     177
     183
     193
     169
     169
     151
     162
     122
     145
     133
     136
     115
     113
     105
     112
     130
     104
      88
      86
     106
      89
      81
     100
      86
      79
     102
      76
     100
      69
      91
      97
      86
      80
      80
      87
      94
     101
      97
      87
      83
     100
      97
      84
     109
     113
     121
      99
      95
      96
     122
     137
     138
     146
     134
     135
     202
     191
     201
     223
     245
     282
     276
     336
     344
     401
     422
     466
     492
     593
     588
     750
     796
     819
     926
     941
    1081
    1181
    1231
    1364
    1471
    1534
    1672
    1622
    1789
    1928
    1942
    2047
    2048
    2128
    2142
    2155
    2142
    2226
    2111
    2173
    2147
    2170
    2055
    2037
    1977
    1904
    1771
    1761
    1652
    1509
    1486
    1315
    1315
    1145
    1094
    1034
     922
     825
     746
     672
     614
     603
     505
     435
     369
     344
     279
     257
     233
     226
     168
     173
     135
     111
      89
      97
      86
      65
      68
      50
      50
      45
      25
      36
      30
      32
      28
      28
      18
      20
      22
      15
       9
      11
      26
       5
       9
      17
      11
      12
      11
      12
       8
       6
      10
      10
       7
       7
      11
       9
       7
      12
       8
       7
       7
      10
       4
      11
      12
       8
      15
       8
      10
       7
       9
       7
      13
       6
      11
       9
       6
      14
       9
       7
       8
       4
       9
       4
       9
       2
       3
      11
       9
       9
      10
       6
       8
       8
       8
       9
       9
       9
       9
       3
       9
      10
      10
       3
       5
      10
       4
       8
       4
       2
       6
       6
       4
      10
       8
       5
       4
       4
       7
       6
       9
       8
       5
       9
      10
       2
       7
      11
       7
       3
       2
       7
       7
       5
       8
       6
       4
       8
       5
       2
       7
       2
       6
       6
       7
       2
       3
       5
      10
       7
       7
       5
       3
       3
       2
       7
       5
       4
       4
       6
       2
       6
       6
       1
       4
       3
       4
       3
       2
       5
       5
       5
       6
       5
       2
       6
       8
       5
       5
      10
       1
       6
       5
       7
       4
       3
       3
       7
       5
       7
       4
       5
       4
       5
       4
       7
       5
       5
       3
       3
       4
       7
       6
       2
       3
       2
       2
       4
       2
       1
       1
       7
       3
       4
       1
       7
       3
       3
       5
       5
       3
       2
       2
       4
       1
       3
       2
       1
       0
       5
       3
       4
       2
       2
       1
       3
       3
       4
       2
       1
       3
       4
       4
       2
       2
       2
       2
       7
       2
       3
       3
       2
       3
       4
       4
       1
       2
       1
       2
       3
       5
       3
       1
       4
       2
       4
       4
       1
       3
       5
       4
       4
       1
       2
       5
       5
       3
       4
       4
       4
       5
       1
       1
       4
       7
       5
       6
       1
       2
       4
       3
       3
       2
       4
       0
       5
       3
       5
       4
       5
       1
       1
       2
       6
       7
       3
       5
       5
       3
       3
       1
       5
       1
       2
       5
       2
       0
       0
       2
       4
       4
       2
       2
       2
       2
       3
       1
       0
       2
       3
       1
       2
       1
       1
       3
       1
       1
       2
       1
       1
       1
       2
       2
       2
       1
       0
       3
       0
       1
       0
       0
       0
       1
       0
       1
       0
       1
       1
       1
       2
       3
       0
       1
       0
       0
       0
       3
       0
       1
       0
       1
       0
       2
       0
       0
       1
       0
       4
       2
       0
       1
       1
       1
       1
       0
       0
       4
       0
       3
       0
       0
       0
       0
       2
       1
       1
       1
       0
       0
       0
       0
       1
       2
       1
       2
       2
       1
       0
       1
       1
       0
       1
       0
       0
       0
       0
       0
       1
       0
       1
       1
       0
       0
       0
       0
       1
       0
       0
       0
       0
       1
       0
       1
       0
       0
       0
       0
       0
       0
       0
       0
       0
       0
       0
       1
       0
       0
       0
       0
       1
       0
       0
       0
       0
       0
       0
       0
       0
       0
       0
       1
       0
       0
       0
       0
       0
       0
       0
       0
       0
       1
       1
       0
       0
       1
       1
       0
       0
       0
       0
       1
       0
       0
       0
       1
       0
       2
       1
       0
       0
       0
       0
       0
       0
       1
       0
       0
       0
       0
       0
       0
       0
       0
       1
       0
       0
       0
       0
       0
       1
       0
       0
       1
       1
       0
       0
       0
       0
       0
       0
       0
       1
       0
       0
       1
       0
       0
       0
       0
       0
       0
       0
       0
       0
       0
       0
       0
       0
       0
       0
       0
       1
       0
       0
       0
       0
       0
       0
       1
       0
       0
       0
       0
       0
       0
       0
       0
       0
       0
       0
       0
       0
       0
       0
       1
       0
       0
       0
       0
       0
       0
       1
       0
       0
       0
       0
       0
       0
       0
       0
       1
       0
       0
       0
       0
       0
       0
       0
       0
       0
       0
       0
       0
       0
       0
       0
       0
       1
       0
       0
       0
       0
       0
       0
       0
       0
       0
       0
       0
       0
       0
       0
       0
       0
       0
       0
       0
       0
       1
       0
       0
       0
       0
       0
       0
       0
       0
       0
       0
       0
       0
       0
       0
       0
       0
       0
       0
       0
       0
       1
       0
       1
       0
       0
       0
       0
       0
       0
       0
       0
       0
       0
       0
       0
       0
       0
       0
       0
       0
       0
       0
       0
       0
       0
       0
       0
       0
       0
       0
       0
       0
       0
       0
       0
       0
       1
       0
       0
       0
       0
       0
       0
       0
       0
       0
       0
       0
       0
       0
       0
       0
       0
       0
       0
       0
       0
       0
       0
       0
       0
       0
       0
       0
       0
       0
       0
       0
       0
       0
       1
       0
       0
       0
       0
       0
       0
       1
       0
       0
       0
       0
       0
       1
       0
       0
       0
       0
       1
       0
       0
       0
       0
       0
       0
       0
       0
       0
       0
       0
       0
       0
       2
       0
       0
       0
       0
       0
       0
       0
       0
       0
       0
       0
       0
       0
       0
       0
       0
       0
       0
       1
       0
       0
       0
       0
       0
       1
       0
       1
       0
       0
       0
       0
       0
       0
       0
       0
       0
       0
       0
       0
       0
       0
       0
       0
       0
       0
       0
       0
       0
       0
       0
       1
       0
       0
       0
       0
       0
       0
       0
       0
       0
       0
       0
       0
       0
       0
       0
       0
       0
       0
       0
       0
       0
       0
       0
       0
       0
       0
       0
       0
       0
       0
       0
       1
       0
       0
       0
       0
       0
       0
       0
       0
       0
       0
       0
       0
       0
       0
       0
       0
       0
       0
       0
       0
       0
       0
       0
       0
       0
       0
       0
       1
       0
       0
       0
       0
       0
       0
       0
       0
       0
       0
       0
       0
       0
       0
       0
       0
       0
       0
       0
       0
       0
       0
       0
       0
       0
       0
       0
       0
       0
       0
       0
       0
       0
       0
       0
       0
       0
       0
       0
       0
       0
       0
       0
       0
       0
       0
       0
       0
       0
       0
       0
       0
       0
       0
       1
       0
       0
       0
       0
       0
       0
       0
       0
       0
       0
       0
       0
       0
       0
       0
       0
       0
       0
       0
       0
       0
       0
       0
       0
       0
       0
       0
       0
       0
       0
       0
       0
       0
       0
       0
       0
       0
       0
       0
       0
       1
       0
       1
       0
       0
       0
       0
       0
       0
       0
       0
       0
       0
       0
       0
       0
       0
       0
       0
       0
       0
       0
       0
       0
       0
       0
       0
       0
       0
       0
       0
       0
       0
       0
       0
       0
       0
       0
       0
       0
       0
       0
       0
       0
       0
       0
       0
       0
       0
       1
       0
       0
       0
       0
       0
       0
       0
       0
       0
       0
       0
       0
       0
       0
       0
       0
       0
       0
       0
       0
       0
       0
       0
       0
       0
       0
       0
       0
       0
       0
       0
       0
       0
       0
       0
       0
       0
       0
       0
       0
       0
       0
       0
       0
       0
       0
       0
       0
       0
       0
       0
       0
       0
       0
       0
       0
       0
       0
       0
       0
       0
       0
       0
       0
       0
       0
       0
       0
       0
       1
       0
       0
       0
       0
       0
       0
       0
       0
       0
       0
       0
       0
       0
       0
       0
       0
       0
       0
       0
       0
       0
       0
       0
       0
       0
       0
       0
       0
       0
       0
       0
       0
       0
       0
       0
       0
       0
       0
       0
       0
       0
       0
       0
       0
       0
       0
       0
       0
       0
       0
       0
       0
       0
       0
       0
       0
       0
       0
       0
       0
       0
       0
       0
       0
       0
       0
       0
       0
       0
       0
       0
       0
       0
       0
       0
       0
       0
       0
       0
       0
       0
       0
       0
       0
       0
       0
       0
       0
       0
       0
       0
       0
       0
       0
       0
       0
       0
       0
       0
       0
       0
       0
       0
       0
       0
       0
       0
       0
       0
       0
       0
       0
       0
       0
       0
       0
       0
       0
       0
       0
       0
       0
       0
       0
       0
       0
       0
       0
       0
       0
       0
       0
       0
       0
       0
       0
       0
       0
       0
       0
       0
       0
       0
       0
       0
       0
       0
       0
       0
       0
       0
       0
       0
       0
       0
       0
       0
       0
       1
       0
       0
       0
       0
       0
       0
       0
       0
       0
       0
       0
       0
       0
       0
       0
       0
       0
       0
       0
       0
       0
       0
       0
       0
       0
       0
       0
       0
       0
       0
       0
       0
       0
       0
       0
       0
       0
       0
       0
       0
       0
       0
       0
       0
       0
       0
       0
       0
       0
       0
       0
       0
       0
       0
       0
       0
       0
       0
       0
       0
       0
       0
       0
       0
       0
       0
       0
       0
       0
       0
       0
       0
       0
       0
       0
       0
       0
       0
       0
       0
       0
       0
       0
       0
       0
       0
       0
       0
       0
       0
       0
       0
       0
       1
       0
       0
       0
       0
       0
       0
       0
       0
       0
       0
       0
       0
       0
       0
       0
       0
       0
       0
       0
       0
       0
       0
       0
       0
       0
       0
       0
       0
       0
       0
       0
       0
       0
       0
       0
       0
       0
       0
       0
       0
       0
       0
       0
       0
       0
       0
       0
       0
       0
       0
       0
       0
       0
       0
       0
       0
       0
       0
       0
       0
       0
       0
       0
       0
       0
       0
       0
       0
       0
       0
       0
       0
       0
       0
       0
       0
       0
       0
       0
       0
       0
       0
       0
       0
       0
       0
       0
       0
       0
       0
       0
       0
       0
       0
       0
       0
       0
       0
       0
       0
       0
       0
       0
       0
       0
       0
       0
       0
       0
       0
       0
       0
       0
       0
       0
       0
       0
       0
       0
       0
       0
       0
       0
       0
       0
       0
       0
       0
       0
       0
       0
       0
       0
       0
       0
       0
       0
       0
       0
       0
       0
       0
       0
       0
       0
       0
       0
       0
       0
       0
       0
       0
       0
       0
       0
       0
       0
       0
       0
       0
       0
       0
       0
       0
       0
       0
       0
       0
       0
       0
       0
       0
       0
       0
       0
       0
       0
       0
       0
       0
       0
       0
       0
       0
       0
       0
       0
       0
       0
       0
       0
       0
       0
       0
       0
       0
       0
       0
       0
       0
       0
       0
       0
       0
       0
       0
       0
       0
       0
       0
       0
       0
       0
       0
       0
       0
       0
       0
       0
       0
       0
       0
       0
       0
       0
       0
       0
       0
       0
       0
       0
       0
       0
       0
       0
       0
       0
       0
       0
       0
       0
       0
       0
       0
       0
       0
       0
       0
       0
       0
       0
       0
       0
       0
       0
       0
       0
       0
       0
       0
       0
       0
       0
       0
       0
       0
       0
       0
       0
       0
       0
       0
       0
       0
       0
       0
       0
       0
       0
       0
       0
       0
       0
       0
       0
       0
       0
       0
       0
       0
       0
       0
       0
       0
       0
       0
       0
       0
       0
       0
       0
       0
       0
       0
       0
       0
       0
       0
       0
       0
       0
       0
       0
       0
       0
       0
       0
       0
       0
       0
       0
       0
       0
       0
       0
       0
       0
       0
       0
       0
       0
       0
       0
       0
       0
       0
       0
       0
       0
       0
       0
       0
       0
       0
       0
       0
       0
       0
       0
       0
       0
       0
       0
       0
       0
       0
       0
       0
       0
       0
       0
       0
       0
       0
       0
       0
       0
       0
       0
       0
       0
       0
       0
       0
       0
       0
       0
       0
       0
       0
       0
       0
       0
       0
       0
       0
       0
       0
       0
$ROI:
1
10 10
$PRESETS:
None
0
0
$ENER_FIT:
0.000000 0.000000
$MCA_CAL:
3
0.000000E+000 0.000000E+000 0.000000E+000 
$SHAPE_CAL:
3
0.000000E+000 0.000000E+000 0.000000E+000
