$SPEC_ID:
Beryllilum 1 Calibration
$SPEC_REM:
DET# 1
DETDESC# DESKTOP-T9B70KN Easy-MCA-8k SN 15013759
AP# Maestro Version 7.01
$DATE_MEA:
01/24/2023 12:23:36
$MEAS_TIM:
346 353
$DATA:
0 2047
       0
       0
       0
       0
       0
       1
       0
       1
       0
       1
       0
       0
       0
       2
       0
       2
       0
       1
       0
       0
       2
       0
       1
       3
       1
       1
       3
       5
       1
      12
      12
      16
      32
      42
      59
      85
     176
     295
     614
    1191
    1894
    3054
    4583
    6528
    9267
   12668
   16822
   21818
   26650
   31287
   34610
   37099
   38141
   37572
   37351
   35588
   34833
   33465
   31915
   30706
   29600
   27859
   26744
   25350
   24003
   22679
   21770
   20410
   19307
   18048
   17043
   16182
   15095
   13962
   13433
   12478
   11842
   10877
   10005
    9383
    8840
    8162
    7445
    7207
    6540
    6111
    5549
    5220
    4794
    4432
    4235
    3755
    3512
    3209
    3058
    2817
    2640
    2459
    2289
    2116
    2069
    1868
    1818
    1640
    1549
    1392
    1365
    1270
    1178
    1067
     996
    1003
     907
     836
     813
     729
     712
     639
     663
     609
     548
     530
     509
     459
     444
     433
     398
     369
     358
     370
     333
     334
     306
     312
     276
     245
     241
     235
     235
     231
     215
     220
     189
     184
     185
     179
     164
     171
     159
     179
     165
     138
     143
     144
     134
     100
     121
     127
     112
     118
     120
     111
     120
     113
     114
     106
     112
     117
     109
      92
     103
     102
      97
      68
      77
      95
      84
      97
      95
     100
      90
      91
      97
      71
      77
      76
      73
      65
      86
      72
      77
      83
      87
      65
      79
      77
      67
      61
      81
      70
      86
      60
      71
      63
      63
      58
      63
      62
      74
      63
      58
      70
      65
      59
      57
      59
      57
      60
      58
      55
      72
      53
      38
      59
      60
      58
      66
      51
      54
      44
      44
      56
      36
      39
      56
      53
      50
      55
      39
      44
      54
      47
      47
      50
      50
      46
      49
      53
      44
      41
      44
      57
      56
      45
      41
      63
      48
      48
      48
      56
      62
      60
      53
      53
      75
      66
      71
      60
      57
      68
      64
      71
      53
      71
      75
      75
      70
      82
      76
      65
      72
      88
      77
      81
      77
      93
      76
      78
      64
      76
      78
      79
      78
      75
      65
      62
      61
      57
      69
      68
      70
      58
      63
      49
      44
      44
      54
      46
      49
      53
      35
      34
      35
      51
      44
      38
      31
      34
      36
      40
      41
      37
      20
      30
      29
      43
      37
      37
      36
      29
      31
      41
      30
      38
      42
      33
      35
      23
      21
      33
      33
      26
      22
      32
      31
      22
      34
      24
      32
      34
      34
      27
      37
      24
      19
      31
      30
      22
      32
      25
      26
      19
      21
      32
      20
      24
      22
      27
      23
      16
      25
      25
      31
      28
      25
      27
      33
      27
      25
      22
      24
      17
      32
      23
      19
      19
      17
      25
      26
      23
      26
      29
      23
      18
      19
      32
      28
      24
      21
      32
      12
      22
      28
      22
      33
      18
      19
      17
      27
      26
      19
      15
      21
      15
      22
      16
      23
      24
      24
      25
      19
      25
      19
      26
      25
      15
      18
      28
      14
      27
      18
      20
      13
      21
      18
      18
      11
      18
      17
      26
      18
      19
      20
      11
      16
      21
      20
      17
      20
      29
      13
      20
      13
      19
      14
      18
      12
      21
      16
      19
      18
      21
      11
      11
      27
      16
      28
      18
      10
      14
      18
      15
      15
      19
      12
      15
      13
      10
      26
      10
      14
      15
      13
      19
      15
      26
      19
      19
      18
      12
      14
      13
      15
      21
      24
      10
      13
      17
      15
      19
       9
      24
      17
      18
      21
      14
      15
      21
      18
      17
      13
      15
      15
      17
      20
      14
      19
      16
      17
      11
      13
      18
      21
      19
      16
      17
      13
      17
      21
      11
      24
      12
      19
      16
      14
      21
      22
      15
      15
       8
      19
      11
      13
      17
      11
      16
      14
      11
      15
      11
      16
      16
      13
       9
      11
      15
      13
      17
      20
      22
      18
      10
      17
      16
      10
      13
      15
      16
      13
      12
      19
      17
      13
      12
      20
      14
      15
      13
      11
      24
      13
      14
      13
      17
      12
      13
      13
      18
      15
      15
      13
      15
      17
      12
       8
      13
      16
      14
       6
      18
      10
      13
      14
      16
      23
      10
      14
      12
      10
       6
      15
       5
      15
      13
      14
      10
      13
      19
      15
      16
       9
      10
      10
       9
      14
      11
       8
      11
      18
      15
      13
      10
      10
      10
      20
      12
      11
      10
      10
       8
      16
      10
      12
      12
       8
       9
      22
      13
      14
      11
      12
      13
       9
       8
      10
      12
      10
       9
      12
      10
       5
      14
      14
      14
       9
      12
      11
      10
      10
      10
       6
      10
      16
      14
      16
      16
       7
      13
       9
      12
      12
      11
      12
       5
      12
      20
      14
       5
      11
       8
       7
      16
      10
       8
       4
      12
      12
      11
      11
       9
      11
      14
      13
       9
      14
      12
      14
      12
       8
      11
       9
      11
       5
      11
      14
       8
      10
       7
       9
      10
      12
      11
       9
      12
       8
       5
      10
       8
       9
      11
       8
       5
      10
       8
      11
      11
      10
      17
      10
      13
       9
      14
       5
       7
       9
      13
      11
       7
      12
       7
       8
       8
      12
      16
       7
      10
      12
       9
       8
       8
      15
      12
      11
       9
      11
      10
      13
      19
      11
      12
       5
      13
       9
      14
      19
       9
      21
      13
      12
      21
      10
       9
      12
       9
      14
      21
      16
      22
      16
      12
      15
      13
      12
      17
      18
      21
      10
      20
      24
      24
      20
      19
      20
      15
      14
      19
      27
      21
      21
      14
      14
      19
      18
      24
      20
      17
      12
      12
      21
      16
       7
      19
      13
      19
       7
      10
       8
      16
      15
      14
      16
      12
      14
      11
      12
      12
       9
      13
      15
       9
      12
       7
       7
      13
       9
       8
       9
      12
      11
      10
      11
       7
       8
      10
       8
       8
       9
       8
       6
      10
       7
      14
       4
       6
       7
       4
       8
       5
       5
       8
       6
       4
       6
       6
       7
      12
       8
      12
      10
       9
       6
       7
      12
       8
       9
       9
      10
       6
      10
       5
       5
       7
       7
      10
       5
       5
       7
       6
       4
       4
      12
       8
       2
       8
       3
      13
       3
       7
       7
       6
       7
       4
       4
       2
       6
       7
       7
       8
       6
       8
       8
      13
       5
       5
       5
       6
       7
       8
       6
       7
       6
       8
       3
       6
       6
      10
       9
      10
       4
      10
       7
       3
       4
       3
       4
       4
       4
       4
       5
       6
       7
       6
       4
       6
       5
       7
      11
       3
       8
       6
       6
      10
       3
       5
       6
       3
       9
      13
      11
       7
      13
      13
       7
      11
       7
      11
      15
       5
       6
       6
       7
       5
      10
      10
       6
      10
       6
       8
       6
       9
       7
      11
       9
       2
      12
       8
      11
       9
       7
       7
       6
       4
       6
       4
       3
       5
       7
       6
       2
       5
       5
       9
       6
       1
       1
       9
       6
       1
       8
       8
       9
       3
       8
       5
       3
       4
       1
       8
       7
       8
       2
       8
       6
       8
       5
       6
       8
       4
       3
       5
      11
       8
       9
       6
       6
       5
       3
       9
       8
       6
       6
       7
       5
       6
       5
       6
       4
       4
       3
       8
       4
       7
       6
       6
       4
       7
       5
       7
       4
       5
       6
      13
       3
       9
       7
       8
       7
       4
       7
       8
       6
       6
       4
       9
       5
       5
       4
       5
       4
       4
       5
       5
       9
       9
      10
       8
      11
       3
       5
       2
       7
       9
      10
       8
      12
       6
       8
       3
       4
       2
       9
       6
       6
       6
       8
       5
       5
       3
       7
       8
       7
       2
      11
      10
       5
       6
      10
       9
       4
       3
       5
       9
      11
       3
       2
       8
       8
       8
       4
       5
       6
       6
       9
       3
       2
      10
       9
       7
       8
       5
       7
       4
       6
       2
       6
       7
       6
       3
      10
       8
       6
       6
      11
       6
      10
       5
       5
      10
       7
       4
       7
       5
       6
       3
       5
       3
       7
       6
       7
       6
       5
       9
       3
       9
       4
       7
       7
       4
       8
       7
       6
       4
       5
       5
       8
       5
       8
       6
       5
      11
       8
       3
       5
      12
      10
       4
       7
       8
       6
      10
       2
      11
       6
      10
       5
       6
       4
       5
       5
       7
       6
       9
       8
       4
       4
       8
       6
       8
       4
       6
       6
       4
       8
       5
       6
       9
       9
       7
       3
       7
       1
       8
       5
       8
       5
       6
       2
       5
      15
       5
       6
       6
       4
       6
       5
      10
       5
       7
       2
       8
       8
       7
       4
       5
       5
       6
       9
       5
       5
       4
      10
       5
      10
       8
       8
       6
       3
       5
       5
       7
       4
       2
       4
       2
       9
       3
       6
       8
       6
       6
       4
       8
       3
       5
      10
       3
       6
       4
       5
       6
       3
       7
       3
       7
       5
       5
       1
       5
       7
       8
       3
       7
       3
       4
       4
       5
       6
      10
       4
       7
       4
       7
      12
       1
       8
       5
       5
       9
       2
       5
       5
       4
       6
       4
       3
       9
       9
       2
       7
       4
       3
       7
       4
       6
       8
       2
       7
       2
       5
       4
       8
       7
       6
       5
       7
       9
       7
       8
       6
      10
       8
       5
       5
       3
       4
       4
       1
       6
       6
       4
       2
      10
      11
      11
       7
       7
       3
       6
       8
       5
      13
       7
       5
       5
       7
       7
       2
       4
       9
       9
       5
       2
       4
       9
       3
       8
       5
       4
       3
       6
       6
       5
       9
       9
       5
       4
       0
       9
       1
       5
       7
       1
       2
       2
       6
       5
       4
       5
       7
       6
       9
       5
       7
       8
       4
      11
       9
       4
       4
       5
       8
       4
       5
       7
       8
       6
       3
       8
       8
       3
       9
       4
       9
       5
       6
       8
      12
       5
       7
       6
       6
       6
       9
       9
       5
       1
       7
       4
      11
       8
       5
       5
       7
       5
       6
       5
       3
       1
       6
       2
       6
       9
       7
      10
       5
       5
       5
       8
      10
       3
       4
       3
       8
       7
       6
       4
       5
       7
       8
       3
       7
       4
       4
       6
       4
       5
       2
       6
       6
      11
       3
       4
       6
       7
       3
       0
       7
       5
       9
       8
      10
       8
       5
       4
      10
       2
       5
       2
       8
       7
       2
       3
      11
       7
       3
       9
       5
       8
       3
       2
       9
       9
       3
       2
       3
       9
       6
       1
       7
       5
       4
       8
       6
       4
       6
       7
       1
       4
       7
       3
       5
       6
       0
       8
       2
       4
       5
       6
       8
       8
       2
       3
       4
      11
       5
       6
       1
       2
       7
       4
       2
       5
       7
       9
       4
       6
       6
       5
       8
       7
       9
       6
       6
       7
       8
       3
       5
       8
       4
       8
       9
      13
       6
       4
       4
       7
       6
       5
       3
       5
       6
       3
       3
       4
       5
       5
       2
       7
      10
       4
       3
       5
       6
       5
       0
       0
       5
       1
       2
       6
       1
       7
       1
       3
       3
       6
       9
       5
       4
       2
       3
       6
       6
       5
       6
       6
       5
       6
       2
       5
       2
       4
       4
       5
       3
       5
       4
       6
       4
       2
       4
       4
       3
       2
       3
       1
       0
       1
       0
       0
       0
       3
       1
       1
       0
       0
       0
       0
       0
       0
       0
       0
       0
       0
       0
       0
       0
       0
       0
       0
       0
       0
       0
       0
       0
       1
       0
       0
       0
       0
       0
       0
       0
       0
       0
       0
       0
       0
       0
       0
       0
       0
       0
       0
       0
       0
       0
       0
       0
       0
       0
       0
       0
       0
       0
       0
       0
       0
       0
       0
       0
       0
       0
       0
       0
       0
       0
       0
       0
       0
       0
       0
       0
       0
       0
       0
       0
       0
       0
       0
       0
       0
       0
       0
       0
       0
       0
       0
       0
       0
       0
       0
       0
       0
       0
       0
       0
       0
       0
       0
       0
       0
       0
       0
       0
       0
       0
       0
       0
       0
       0
       0
       0
       0
       0
       0
       0
       0
       0
       0
       0
       0
       0
       0
       0
       0
       0
       0
       0
       0
       0
       0
       0
       0
       0
       0
       0
       0
       0
       0
       0
       0
       0
       0
       0
       0
       0
       0
       0
       0
       0
       0
       0
       0
       0
       0
       0
       0
       0
       0
       0
       0
       0
       0
       0
       0
       0
       0
       0
       0
       0
       0
       0
       0
       0
       0
       0
       0
       0
       0
       0
       0
       0
       0
       0
       0
       0
       0
       0
       0
       0
       0
       0
       0
       0
       0
       0
       0
       0
       0
       0
       0
       0
       0
       0
       0
       0
       0
       0
       0
       0
       0
       0
       0
       0
       0
       0
       0
       0
       0
       0
       0
       0
       0
       0
       0
       0
       0
       0
       0
       0
       0
       0
       0
       0
       0
       0
       0
       0
       0
       0
       0
       0
       0
       0
       0
       0
       0
       0
       0
       0
       0
       0
       0
       0
       0
       0
       0
       0
       0
       0
       0
       0
       0
       0
       0
       0
       0
       0
       0
       0
       0
       0
       0
       0
       0
       0
       0
       0
       0
       0
       0
       0
       0
       0
       0
       0
       0
       0
       0
       0
       0
       0
       0
       0
       0
       0
       0
       0
       0
       0
       0
       0
       0
       0
       0
       0
       0
       0
       0
       0
       0
       0
       0
       0
       0
       0
       0
       0
       0
       0
       0
       0
       0
       0
       0
       0
       0
       0
       0
       0
       0
       0
       0
       0
       0
       0
       0
       0
       0
       0
       0
       0
       0
       0
       0
       0
       0
       0
       0
       0
       0
       0
       0
       0
       0
       0
       0
       0
       0
       0
       0
       0
       0
       0
       0
       0
       0
       0
       0
       0
       0
       0
       0
       0
       0
       0
       0
       0
       0
       0
       0
       0
       0
       0
       0
       0
       0
$ROI:
1
10 10
$PRESETS:
None
0
0
$ENER_FIT:
0.000000 0.000000
$MCA_CAL:
3
0.000000E+000 0.000000E+000 0.000000E+000 
$SHAPE_CAL:
3
0.000000E+000 0.000000E+000 0.000000E+000
