$SPEC_ID:
Beryllilum 1 Calibration
$SPEC_REM:
DET# 1
DETDESC# DESKTOP-T9B70KN Easy-MCA-8k SN 15013759
AP# Maestro Version 7.01
$DATE_MEA:
01/24/2023 13:04:27
$MEAS_TIM:
465 484
$DATA:
0 2047
       0
       0
       0
       1
       2
       0
       0
       1
       2
       2
       3
       0
       3
       2
       4
       1
       0
       1
       0
       3
       3
       3
       2
       6
       2
       6
       5
      10
      17
      32
      63
     124
     274
     501
    1031
    1887
    3314
    5750
    9128
   13960
   20022
   27649
   36164
   45114
   54972
   64348
   73423
   81007
   86156
   90113
   91214
   91485
   89766
   88191
   86546
   84205
   81756
   79645
   76362
   73900
   71347
   69659
   66816
   64295
   62063
   59539
   57408
   54381
   52540
   50255
   48201
   45916
   44013
   41987
   39793
   38051
   35986
   34341
   32765
   31279
   29289
   27730
   26556
   25094
   23803
   22564
   21470
   20303
   19240
   18260
   17240
   16487
   15475
   14674
   13607
   12909
   12344
   11779
   10956
   10580
    9824
    9386
    8790
    8353
    7890
    7556
    7245
    6764
    6451
    6058
    5802
    5491
    5385
    4935
    4898
    4601
    4376
    4073
    3983
    3767
    3559
    3411
    3246
    3068
    2997
    2778
    2727
    2553
    2482
    2395
    2185
    2165
    2077
    1998
    1839
    1715
    1605
    1582
    1492
    1493
    1401
    1249
    1190
    1217
    1088
    1038
     988
     916
     922
     878
     865
     843
     781
     744
     730
     669
     618
     629
     590
     545
     509
     519
     497
     482
     417
     407
     395
     398
     368
     330
     336
     304
     308
     277
     313
     267
     255
     222
     226
     218
     209
     214
     219
     212
     197
     205
     177
     193
     175
     164
     163
     151
     187
     113
     145
     145
     141
     129
     135
     120
     123
     115
     111
     101
     111
      88
     102
      89
     105
      92
      83
      83
      77
      78
      91
      80
      66
      75
      75
      80
      69
      68
      70
      74
      62
      65
      71
      60
      67
      68
      70
      63
      70
      70
      79
      55
      56
      53
      67
      76
      58
      72
      57
      66
      58
      73
      56
      67
      69
      59
      47
      65
      62
      46
      76
      54
      72
      57
      60
      78
      73
      79
      72
      88
     102
      93
      98
      93
      99
     118
     111
     112
     133
     144
     133
     126
     138
     160
     135
     154
     155
     167
     138
     153
     157
     172
     146
     148
     146
     152
     143
     133
     132
     132
     123
     113
     116
     108
     105
     108
      90
      82
      73
      77
      78
      78
      74
      48
      47
      54
      65
      66
      48
      53
      43
      43
      48
      37
      45
      31
      44
      57
      56
      44
      44
      42
      48
      44
      38
      43
      25
      33
      35
      32
      50
      39
      39
      41
      26
      42
      34
      37
      42
      24
      22
      25
      40
      31
      29
      23
      27
      38
      31
      26
      34
      26
      29
      29
      34
      32
      26
      23
      22
      23
      30
      22
      27
      28
      31
      22
      19
      22
      24
      36
      27
      19
      23
      22
      25
      25
      16
      31
      33
      26
      28
      22
      24
      31
      33
      24
      32
      29
      26
      24
      21
      18
      22
      22
      28
      29
      25
      33
      18
      24
      22
      21
      25
      22
      16
      22
      26
      19
      31
      17
      19
      26
      26
      15
      22
      25
      21
      34
      27
      29
      35
      23
      21
      16
      27
      25
      25
      21
      23
      24
      27
      15
      19
      19
      21
      23
      25
      22
      22
      19
      22
      17
      18
      29
      25
      17
      19
      25
      19
      14
      21
      23
      16
      28
      20
      19
      32
      26
      19
      20
      20
      26
      33
      25
      28
      26
      23
      24
      25
      22
      20
      27
      28
      15
      22
      16
      16
      30
      20
      23
      28
      19
      14
      10
      27
      24
      22
      33
      20
      20
      19
      23
      27
      21
      24
      22
      26
      24
      19
      20
      14
      17
      21
      23
      19
      15
      15
      26
      28
      24
      16
      17
      30
      24
      16
      22
      20
      18
      23
      20
      21
      22
      28
      23
      23
      13
      24
      19
      23
      17
      17
      20
      22
      25
      16
      19
      24
      11
      31
      20
      18
      17
      24
      23
      22
      17
      11
      19
      20
      23
      16
      16
      12
      19
      14
      26
      16
      20
      18
      19
      12
      15
      21
      19
      20
      13
      17
      10
      11
      16
      25
      13
      14
      21
      19
      21
      18
      17
      17
      13
      10
      16
      19
      12
      18
      22
      25
      20
      21
      13
      17
      12
      16
      15
      11
      11
      15
      22
      15
      20
      12
      17
      15
      23
      15
      18
      25
      14
      15
      14
      16
      20
      19
      16
      14
      15
      23
      15
      17
      17
      17
      16
      16
      18
      13
      14
      18
      19
      21
      20
      14
      21
      18
      22
      14
      21
      19
      11
      19
      19
      10
      21
      14
      18
      19
      21
      21
      17
      18
      17
      14
      21
      14
      19
      27
      16
      15
      17
      16
      14
      18
      15
      18
      15
      21
       5
      25
      16
       8
      12
       8
      14
      17
      21
      19
      14
      14
      12
      20
      19
      13
      10
      16
      23
      14
      12
      26
      18
      21
      16
      12
      24
      17
      17
      18
      14
      11
      25
      22
      23
      21
      12
      20
      15
      22
      22
      16
      17
      15
      15
      23
      26
      25
      15
      18
      17
      20
      22
      24
      21
      19
      18
      20
      21
      16
      22
      14
      26
      18
      25
      23
      25
      23
      16
      22
      20
      21
      19
      15
      23
      16
      18
      20
      19
      26
      19
      18
      20
      11
      22
      17
      27
      21
      20
      13
      17
      26
      22
      23
      16
      15
      28
      28
      21
      20
      18
      24
      19
      22
      17
      19
      26
      22
      27
      11
      25
      19
      23
      25
      23
      27
      22
      21
      16
      25
      28
      28
      24
      30
      19
      23
      17
      20
      25
      23
      27
      26
      28
      29
      25
      21
      22
      26
      16
      28
      23
      30
      26
      21
      21
      23
      18
      16
      24
      20
      23
      23
      29
      24
      19
      23
      21
      25
      19
      28
      29
       9
      26
      17
      18
      15
      24
      29
      19
      17
      13
      13
      29
      18
      25
      12
      22
      20
      17
      16
      22
      21
      18
      41
      16
      13
      17
      20
      18
      16
      19
      21
      20
      21
      21
      12
      18
      11
      20
      18
      20
      25
      19
      11
      18
      21
      13
      11
      27
      17
      14
      13
      13
      13
      16
      17
      15
      25
      18
      16
      12
      18
      20
      16
      21
      20
      16
      14
      12
      19
      15
      19
      13
      19
      16
      22
      18
      15
      15
      16
      16
      18
      18
      20
      20
      11
      12
      19
      17
      18
      23
      13
      14
      17
      18
      13
      10
      17
      15
      26
      19
      19
      13
      16
      12
      21
      15
      23
      24
       9
      30
      25
      22
       9
      19
      25
      13
      25
      20
      16
      13
      14
      14
      31
      22
      18
      24
      19
      14
      17
      22
      21
      13
      15
      25
      15
      23
      22
      17
      20
      10
      23
      21
      15
      19
      24
      23
      25
      19
      23
      18
      20
      29
      28
      19
      15
      24
      20
      18
      34
      26
      27
      21
      27
      25
      33
      27
      23
      23
      26
      21
      25
      31
      22
      31
      31
      21
      22
      25
      24
      26
      39
      25
      31
      21
      23
      22
      33
      38
      27
      22
      26
      13
      29
      26
      29
      26
      31
      33
      22
      25
      23
      33
      20
      27
      30
      33
      28
      22
      24
      31
      23
      26
      25
      26
      23
      22
      23
      34
      29
      32
      23
      30
      25
      24
      31
      17
      32
      35
      15
      28
      33
      28
      42
      32
      24
      16
      31
      23
      35
      30
      26
      25
      24
      26
      30
      27
      20
      27
      24
      27
      17
      23
      25
      21
      26
      21
      19
      19
      18
      26
      23
      13
      17
      18
      21
      15
      19
      19
      24
      13
      17
      20
      21
      22
      23
      21
      22
      21
      22
      22
      24
      26
      14
      23
      12
      24
      20
      19
      19
      23
      18
      26
      25
      22
      16
      25
      27
      19
      19
      17
      15
      19
      23
      15
      15
      17
      15
      19
      10
      13
      22
      23
      15
      14
      19
      17
      21
      18
      22
      17
      25
      18
      12
      16
      18
      15
      10
      27
      14
      24
      14
      17
      14
      24
      21
      29
      24
      20
      13
      17
      15
      16
      12
      15
      17
      15
      12
       9
      13
      15
      15
      13
      15
      20
      16
      15
      16
      12
      16
      12
      20
      11
       9
      12
      16
      12
      12
       7
      10
      15
       7
       6
       6
       6
       6
      10
       5
      16
      10
      10
       9
      12
       6
       9
       7
      15
      16
       9
       6
       2
      10
      13
       7
      12
       4
      11
       6
       8
      11
      16
      12
       8
       9
      14
      12
      11
       8
       9
      20
      16
      11
      12
      13
      18
      20
      15
      15
      13
      15
      11
      16
      21
      19
      21
      19
      24
      22
      14
      22
      29
      26
      29
      33
      25
      33
      24
      21
      28
      31
      35
      31
      36
      45
      35
      39
      42
      42
      40
      50
      44
      45
      41
      50
      36
      46
      44
      43
      40
      32
      42
      47
      56
      48
      43
      43
      48
      47
      47
      60
      42
      35
      54
      44
      38
      44
      46
      50
      52
      43
      42
      50
      47
      53
      56
      57
      51
      52
      54
      49
      45
      59
      47
      39
      36
      58
      38
      47
      43
      39
      46
      38
      36
      24
      36
      44
      33
      33
      46
      37
      23
      23
      25
      36
      26
      29
      43
      29
      28
      28
      20
      23
      27
      12
      17
      23
      15
      14
      18
      18
      14
      13
      13
      12
       9
      15
       8
      11
      14
      17
      15
      17
      15
       9
      13
       5
       6
      15
       9
      11
       8
       7
       9
      13
       5
       9
       4
       3
       9
       4
       4
       5
       6
       8
       4
       5
       5
       5
       8
       7
       6
       6
       2
       4
       4
       7
       2
       8
       2
       2
       4
       3
       3
       4
       6
       2
       4
       4
       0
       4
       3
       1
       2
       2
       4
       4
       0
       0
       1
       4
       2
       3
       1
       3
       3
       1
       1
       2
       0
       3
       4
       1
       4
       3
       5
       2
       1
       1
       1
       3
       2
       4
       1
       1
       2
       2
       1
       1
       3
       2
       2
       1
       2
       2
       3
       1
       1
       2
       0
       3
       0
       1
       6
       2
       0
       1
       1
       0
       1
       0
       3
       1
       5
       0
       2
       1
       0
       3
       3
       1
       1
       0
       5
       4
       2
       3
       3
       1
       1
       2
       3
       0
       0
       1
       1
       2
       1
       0
       2
       1
       1
       2
       3
       2
       1
       1
       1
       3
       1
       1
       2
       2
       0
       2
       4
       3
       1
       2
       1
       1
       1
       3
       2
       1
       1
       2
       0
       3
       1
       2
       1
       2
       3
       4
       2
       1
       3
       0
       2
       1
       3
       1
       2
       2
       5
       1
       3
       5
       6
       2
       1
       3
       3
       1
       0
       2
       1
       1
       4
       2
       3
       0
       0
       2
       1
       5
       1
       5
       1
       3
       2
       2
       3
       2
       3
       0
       2
       2
       0
       1
       2
       1
       1
       0
       3
       0
       2
       2
       3
       0
       0
       1
       3
       0
       0
       0
       0
       0
       2
       2
       0
       1
       1
       1
       2
       1
       0
       1
       3
       2
       2
       0
       1
       1
       1
       2
       2
       0
       0
       1
       0
       1
       0
       1
       1
       1
       0
       1
       1
       1
       2
       1
       0
       0
       2
       3
       0
       0
       2
       0
       0
       0
       0
       0
       0
       0
       1
       0
       0
       0
       0
       0
       0
       0
       0
       0
       0
       0
       0
       0
       0
       0
       0
       0
       0
       0
       0
       0
       0
       0
       0
       0
       0
       0
       0
       0
       0
       0
       0
       0
       0
       0
       0
       0
       0
       0
       0
       0
       0
       0
       0
       0
       1
       0
       0
       0
       0
       0
       0
       0
       0
       0
       0
       0
       0
       0
       0
       0
       0
       0
       0
       0
       0
       0
       0
       0
       0
       0
       0
       0
       0
       0
       0
       0
       0
       0
       0
       0
       0
       0
       0
       0
       0
       0
       0
       0
       0
       0
       0
       0
       0
       0
       0
       0
       0
       0
       0
       0
       0
       0
       0
       0
       0
       0
       0
       0
       0
       0
       0
       0
       0
       0
       0
       0
       0
       0
       0
       0
       0
       0
       0
       0
       0
       0
       0
       0
       0
       0
       0
       0
       0
       0
       0
       0
       0
       0
       0
       0
       0
       0
       0
       0
       0
       0
       0
       0
       0
       0
       0
       0
       0
       0
       0
       0
       0
       0
       0
       0
       0
       0
       0
       0
       0
       0
       0
       0
       0
       0
       0
       0
       0
       0
       0
       0
       0
       0
       0
       0
       0
       0
       0
       0
       0
       0
       0
       0
       0
       0
       0
       0
       0
       0
       0
       0
       0
       0
       0
       0
       0
       0
       0
       0
       0
       0
       0
       0
       0
       0
       0
       0
       0
       0
       0
       0
       0
       0
       0
       0
       0
       0
       0
       0
       0
       0
       0
       0
       0
       0
       0
       0
       0
       0
       0
       0
       0
       0
       0
       0
       0
       0
       0
       0
       0
       0
       0
       0
       0
       0
       0
       0
       0
       0
       0
       0
       0
       0
       0
       0
       0
       0
       0
       0
       0
       0
       0
       0
       0
       0
       0
       0
       0
       0
       0
       0
       0
       0
       0
       0
       0
       0
       0
       0
       0
       0
       0
       0
       0
       0
       0
       0
       0
       0
       0
       0
       0
       0
       0
       0
       0
       0
       0
       0
       0
       0
       0
       0
       0
       0
       0
       0
       0
       0
       0
       0
       0
       0
       0
       0
       0
       0
       0
       0
       0
       0
       0
       0
       0
       0
       0
       0
       0
       0
       0
       0
       0
       0
       0
       0
       0
       0
       0
       0
       0
       0
       0
       0
       0
       0
       0
       0
       0
       0
       0
       0
       0
       0
       0
       0
       0
       0
       0
       0
       0
       0
       0
       0
       0
       0
       0
       0
       0
       0
       0
       0
       0
       0
       0
       0
       0
       0
       0
       0
       0
       0
       0
       0
       0
       0
       0
$ROI:
1
10 10
$PRESETS:
None
0
0
$ENER_FIT:
0.000000 0.000000
$MCA_CAL:
3
0.000000E+000 0.000000E+000 0.000000E+000 
$SHAPE_CAL:
3
0.000000E+000 0.000000E+000 0.000000E+000
