$SPEC_ID:
Beryllilum 1 Calibration
$SPEC_REM:
DET# 1
DETDESC# DESKTOP-T9B70KN Easy-MCA-8k SN 15013759
AP# Maestro Version 7.01
$DATE_MEA:
01/24/2023 13:12:47
$MEAS_TIM:
547 585
$DATA:
0 2047
       0
       0
       0
       0
       1
       2
       3
       0
       2
       1
       1
       1
       3
       2
       1
       0
       5
       5
       3
       5
       3
       5
       7
      11
      14
      14
      17
      37
      65
      98
     153
     294
     567
    1074
    1957
    3616
    6139
   10024
   15243
   22700
   31470
   42713
   54408
   66504
   79118
   91043
  101877
  110726
  116692
  119938
  121815
  121174
  119683
  117065
  114770
  112312
  108697
  105598
  102837
   99206
   96688
   92775
   89488
   86364
   83509
   80086
   77279
   73903
   71432
   68067
   65559
   62415
   59582
   57152
   55043
   52067
   50003
   47651
   45278
   43046
   41044
   39155
   37256
   35695
   33701
   32034
   30293
   29109
   27518
   25967
   24703
   23127
   22132
   21031
   19706
   18847
   17817
   16934
   16202
   15258
   14682
   13743
   13207
   12373
   11957
   11293
   10770
   10072
    9806
    9229
    8770
    8446
    8063
    7517
    7331
    6870
    6544
    6392
    5960
    5721
    5437
    5179
    4991
    4742
    4608
    4311
    4128
    3993
    3775
    3563
    3449
    3368
    3228
    2991
    2870
    2751
    2713
    2553
    2384
    2281
    2211
    2083
    2023
    1807
    1839
    1742
    1653
    1500
    1498
    1343
    1346
    1285
    1192
    1201
    1134
    1087
     915
     981
     928
     945
     842
     796
     803
     759
     674
     634
     652
     619
     545
     546
     525
     513
     550
     481
     435
     414
     407
     376
     390
     398
     327
     316
     358
     309
     274
     302
     253
     241
     260
     262
     254
     247
     218
     225
     187
     192
     188
     174
     194
     185
     180
     156
     173
     152
     140
     134
     153
     143
     132
     123
     124
     116
     114
     107
     107
     100
     118
      93
      93
      90
      91
      87
      79
      91
      90
      87
      91
      87
      65
      80
      85
      69
      81
      77
      78
      78
      73
      83
      83
      69
      72
      83
      67
      65
      77
      67
      70
      79
      79
      70
      80
      64
      70
      68
      66
      83
      77
      79
      68
      97
     103
     112
     106
      91
     111
     115
     122
     143
     141
     138
     170
     186
     166
     160
     180
     192
     193
     196
     200
     227
     224
     259
     236
     250
     244
     220
     239
     232
     218
     263
     201
     208
     201
     187
     165
     179
     156
     163
     166
     161
     137
     137
     122
     109
      91
     120
     102
      93
      91
      68
      74
      72
      60
      64
      52
      52
      43
      61
      52
      51
      49
      40
      40
      47
      48
      53
      34
      41
      50
      29
      41
      37
      44
      51
      34
      46
      30
      44
      37
      42
      42
      46
      34
      40
      29
      37
      48
      28
      37
      27
      32
      43
      28
      29
      35
      39
      36
      27
      37
      28
      34
      31
      30
      37
      33
      27
      32
      28
      23
      36
      32
      23
      21
      24
      27
      33
      36
      28
      32
      28
      20
      27
      26
      33
      30
      26
      33
      32
      21
      25
      25
      20
      22
      21
      17
      29
      32
      22
      29
      29
      17
      25
      22
      15
      31
      21
      24
      26
      22
      18
      30
      21
      27
      27
      30
      23
      21
      32
      20
      19
      21
      17
      21
      14
      22
      19
      23
      25
      27
      25
      26
      22
      27
      26
      23
      23
      21
      23
      16
      16
      16
      31
      28
      15
      24
      31
      18
      17
      15
      22
      18
      26
      17
      27
      27
      14
      31
      17
      20
      32
      22
      14
      17
      21
      29
      34
      27
      22
      24
      17
      15
      16
      21
      26
      23
      18
      23
      27
      15
      20
      22
      20
      21
      29
      18
      27
      19
      25
      22
      29
      19
      22
      15
      15
      20
      20
      26
      15
      25
      18
      17
      17
      21
      21
      22
      14
      24
      24
      13
      14
      17
      21
      25
      17
      23
      27
      22
      15
      23
      17
      24
      18
      21
      11
      22
      17
      18
      16
      22
      21
      18
      16
      23
      22
      20
      22
      24
      18
      25
      18
      21
      19
      12
      14
      23
      21
      26
      19
      14
      12
      16
      17
      14
      23
      17
      23
      11
      16
      16
      14
      14
      21
      18
      13
      22
      15
      15
      20
      19
      19
      16
      25
      21
      16
      27
      13
      13
      18
      15
      24
      21
      17
      23
      21
      20
      24
      20
      23
      18
      19
      16
      17
      11
      21
      14
      21
      15
      11
      19
      17
      13
      24
      17
      11
      16
      15
      15
      16
      20
       6
      16
      20
      13
      12
      19
      13
      11
      15
      14
      29
      17
      10
      18
      19
      11
      21
      15
      16
      16
      17
      16
      11
      18
      14
      26
      18
      19
      12
      14
      18
      12
      15
      15
      17
      19
      14
      17
      18
      26
      20
      17
      15
      16
      12
      17
      19
      18
      14
      14
      12
      20
      17
      10
      20
      19
      12
      24
      20
      18
      12
      13
      15
      14
      21
      13
      12
      10
      12
      17
      18
      12
      13
      18
      14
      12
      16
      14
      14
      11
      15
      11
      23
      13
      20
      15
       8
      19
       6
      16
      14
      14
      11
      14
      14
      14
      21
      13
      14
      15
      12
      10
      16
      20
      12
      14
      17
      14
      16
      16
      16
      14
      16
      18
      12
      24
      18
      19
      15
      14
      18
      22
      14
      16
      12
      17
      21
      11
      20
      18
      15
      16
      22
      25
      21
      23
      15
      14
      11
      15
      14
      18
      12
      16
      12
      12
      22
      18
      20
      18
      15
      25
      23
      19
      18
      14
      21
      13
      22
      15
      29
      28
      19
      15
      13
      12
      19
      14
      21
      16
      22
      20
      16
      28
      18
      22
      24
      23
      22
      20
      25
      19
      16
      18
      23
      18
      18
      23
      19
      20
      20
      22
      31
      19
      24
      24
      18
      27
      16
      18
      19
      33
      20
      21
      31
      30
      23
      20
      21
      16
      21
      20
      28
      11
      21
      26
      22
      15
      15
      24
      15
      21
      18
      18
      20
      17
      15
      17
      25
      21
       6
      13
      20
      18
      17
      22
      18
      23
      15
      13
      28
      15
      20
      16
      14
      18
      13
      13
      21
      16
      18
      20
      12
       9
      15
      16
      16
      12
      17
      12
      17
      15
      19
      18
      21
      21
      16
      16
      15
      15
      12
      22
      16
      21
      16
      11
      14
      16
      12
      14
      21
      17
      13
      14
      14
      18
      10
      13
      10
      14
      10
      13
      15
      21
      20
      12
       6
      11
       7
      18
      12
      10
      19
      12
      10
      12
      11
      13
       9
       8
      20
      22
      16
      20
       8
      12
      10
      15
      16
       8
      19
      12
      17
      11
      13
      25
      11
      21
       7
      11
      17
      11
      12
       8
      17
      19
      21
      16
      10
      16
      10
      12
      17
      16
      20
      17
      21
      10
      16
      18
      17
      12
      18
      15
      19
      18
      21
      25
      19
      12
      17
      17
      20
      21
      14
       8
      12
      18
       8
      16
      18
      18
      16
      17
      20
      18
      20
      18
      15
      24
      16
      20
      19
      22
      22
      20
      20
      16
      26
      26
      26
      18
      22
      15
      20
      21
      23
      22
      17
      21
      21
      17
      21
      21
      29
      19
      12
      18
      21
      21
      17
      15
      24
      19
      28
      21
      17
      23
      20
      22
      22
      24
      21
      19
      19
      25
      15
      18
      19
      20
      21
      24
      22
      30
      21
      17
      25
      32
      23
      23
      22
      23
      18
      19
      23
      27
      22
      22
      14
      27
      13
      23
      17
      20
      19
      20
      12
      15
      19
      13
      21
      16
      20
      18
      20
      17
      17
      20
      15
      18
      16
      17
      18
      21
      24
      19
      21
      15
      22
      14
      15
      16
      19
      22
      24
      17
      19
      18
      24
      20
      20
      14
      19
      11
      25
      13
      18
      18
      18
      17
      14
      20
      18
      26
      17
      14
      14
      11
      15
      20
      15
      17
      14
       9
      12
      13
      19
      10
       6
      16
      18
      18
      12
      16
      19
      21
      14
      18
      13
      21
      13
      20
      20
       9
      24
      17
      11
      18
      16
      11
      13
      14
      12
      15
      18
      20
      12
       8
      18
      18
      18
      16
      12
      18
       7
      18
      19
      15
      17
      11
      10
      18
      11
      15
      11
       9
      18
      13
      15
      15
      15
      13
      11
      11
      10
      10
      13
       7
      15
      14
      13
      12
       6
      12
      11
      14
       4
       6
      13
       9
      14
       8
       8
      12
      12
       7
      11
       4
      14
       6
       7
      10
       6
       9
       8
       8
       4
       9
       9
       9
       6
       6
      13
       5
      14
       6
       9
       6
      12
      10
       9
       8
      12
       5
       5
       9
      10
      13
       8
      17
       9
       9
      11
       8
       6
       9
      12
      14
      15
      15
      13
      12
      13
       8
      13
      14
      19
       9
      16
      15
      16
      14
      15
      15
      14
      21
      15
      17
      18
      19
      23
      14
      18
      17
      25
      16
      18
      26
      45
      35
      19
      34
      29
      19
      28
      30
      27
      27
      25
      34
      26
      26
      28
      38
      23
      28
      39
      42
      35
      22
      26
      27
      28
      33
      39
      23
      41
      25
      34
      34
      37
      31
      34
      32
      30
      30
      35
      25
      35
      41
      28
      30
      29
      28
      34
      35
      27
      26
      25
      39
      37
      30
      34
      30
      38
      21
      31
      34
      24
      26
      30
      24
      19
      25
      28
      27
      24
      18
      24
      25
      14
      21
      24
      20
      19
      20
      27
      12
      12
      24
      14
      19
      10
      11
      17
      19
      19
      16
       5
      17
       9
      12
      20
       7
      14
       7
      11
      11
       9
      12
      10
       2
      13
       5
       9
       6
       7
       6
       5
       7
       7
       4
       4
       9
       7
       5
      11
       5
       8
      10
       8
       3
       4
       9
       8
       8
       8
       1
       6
       4
       3
       2
       2
       5
       4
       6
       8
       2
       5
       5
       4
       2
       2
       9
       4
       7
       6
       5
       3
       2
       3
       7
       5
       4
       3
       5
       3
       3
       6
       4
       3
       2
       6
       1
       4
       6
       2
       4
       0
       7
       6
       6
       1
       3
       0
       2
       2
       2
       2
       2
       2
       2
       5
       4
       1
       2
       4
       3
       3
       1
       2
       2
       1
       6
       3
       6
       5
       8
       5
       1
       5
       3
       2
       4
       3
       1
       5
       5
       5
       4
       0
       0
       1
       3
       3
       2
       3
       4
       5
       1
       2
       2
       3
       1
       6
       3
       3
       1
       2
       3
       1
       1
       2
       3
       3
       1
       4
       3
       1
       6
       3
       1
       5
       0
       3
       4
       1
       3
       2
       4
       2
       1
       3
       5
       1
       1
       6
       2
       3
       1
       2
       6
       3
       2
       3
       4
       5
       6
       1
       4
       1
       4
       3
       2
       3
       4
       4
       2
       1
       6
       6
       3
       3
       6
       3
       2
       4
       5
       5
       5
       3
       6
       1
       0
       4
       3
       6
       5
       7
       2
       1
       5
       4
       1
       4
       4
       3
       2
       3
       4
       3
       4
       4
       3
       5
       4
       2
       2
       1
       2
       5
       4
       2
       2
       3
       3
       4
       5
       4
       1
       2
       2
       2
       3
       4
       3
       1
       5
       2
       5
       3
       3
       2
       0
       3
       3
       1
       4
       2
       0
       1
       2
       1
       1
       2
       1
       3
       1
       1
       3
       3
       2
       1
       3
       0
       2
       4
       2
       1
       4
       0
       1
       3
       1
       5
       1
       0
       1
       3
       3
       2
       3
       0
       1
       2
       0
       0
       0
       2
       1
       0
       0
       0
       0
       0
       0
       0
       0
       0
       0
       0
       0
       0
       0
       1
       0
       0
       0
       1
       0
       0
       0
       0
       0
       0
       1
       0
       0
       0
       0
       0
       0
       0
       0
       0
       0
       0
       0
       0
       0
       0
       0
       1
       0
       0
       0
       0
       0
       0
       0
       0
       0
       0
       0
       0
       0
       0
       0
       0
       0
       0
       0
       0
       0
       0
       0
       0
       0
       0
       0
       0
       0
       0
       0
       0
       0
       0
       0
       0
       0
       0
       0
       0
       0
       0
       0
       0
       0
       0
       0
       0
       0
       0
       0
       0
       0
       0
       0
       0
       0
       0
       0
       0
       0
       0
       0
       0
       0
       0
       0
       0
       0
       0
       0
       0
       0
       0
       0
       0
       0
       0
       0
       0
       0
       0
       0
       0
       0
       0
       0
       0
       0
       0
       0
       0
       0
       0
       0
       0
       0
       0
       0
       0
       0
       0
       0
       0
       0
       0
       0
       0
       0
       0
       0
       0
       0
       0
       0
       0
       0
       0
       0
       0
       0
       0
       0
       0
       0
       0
       0
       0
       0
       0
       0
       0
       0
       0
       0
       0
       0
       0
       0
       0
       0
       0
       0
       0
       0
       0
       0
       0
       0
       0
       0
       0
       0
       0
       0
       0
       0
       0
       0
       0
       0
       0
       0
       0
       0
       0
       0
       0
       0
       0
       0
       0
       0
       0
       0
       0
       0
       0
       0
       0
       0
       0
       0
       0
       0
       0
       0
       0
       0
       0
       0
       0
       0
       0
       0
       0
       0
       0
       0
       0
       0
       0
       0
       0
       0
       0
       0
       0
       0
       0
       0
       0
       0
       0
       0
       0
       0
       0
       0
       0
       0
       0
       0
       0
       0
       0
       0
       0
       0
       0
       0
       0
       0
       0
       0
       0
       0
       0
       0
       0
       0
       0
       0
       0
       0
       0
       0
       0
       0
       0
       0
       0
       0
       0
       0
       0
       0
       0
       0
       0
       0
       0
       0
       0
       0
       0
       0
       0
       0
       0
       0
       0
       0
       0
       0
       0
       0
       0
       0
       0
       0
       0
       0
       0
       0
       0
       0
       0
       0
       0
       0
       0
       0
       0
       0
       0
       0
       0
       0
       0
       0
       0
       0
       0
       0
       0
       0
       0
       0
       0
       0
       0
       0
       0
       0
       0
       0
       0
       0
       0
       0
       0
       0
       0
       0
       0
       0
       0
       0
       0
       0
       0
       0
       0
       0
       0
$ROI:
1
10 10
$PRESETS:
None
0
0
$ENER_FIT:
0.000000 0.000000
$MCA_CAL:
3
0.000000E+000 0.000000E+000 0.000000E+000 
$SHAPE_CAL:
3
0.000000E+000 0.000000E+000 0.000000E+000
