$SPEC_ID:
Beryllilum 1 Calibration
$SPEC_REM:
DET# 1
DETDESC# DESKTOP-T9B70KN Easy-MCA-8k SN 15013759
AP# Maestro Version 7.01
$DATE_MEA:
01/24/2023 13:36:08
$MEAS_TIM:
282 304
$DATA:
0 2047
       0
       0
       0
       0
       0
       1
       1
       2
       3
       0
       2
       4
       1
       4
       2
       1
       3
       3
       9
      11
      11
      22
      23
      34
      51
      64
      75
     115
     211
     287
     500
     860
    1442
    2392
    4016
    6192
    9697
   14180
   19874
   26724
   34726
   43168
   52478
   60770
   68618
   75541
   81701
   85404
   88276
   89272
   88849
   88638
   86881
   85404
   83797
   81950
   79709
   77671
   75699
   73056
   71350
   69196
   66599
   64639
   62726
   60380
   58093
   56404
   54351
   52158
   50361
   48304
   46583
   44574
   42881
   41093
   39569
   38193
   36360
   35107
   33755
   31695
   30795
   29323
   28264
   26959
   25810
   24975
   23374
   22421
   21323
   20582
   19749
   18741
   17710
   17268
   16419
   15782
   14807
   14331
   13532
   12875
   12219
   11808
   10915
   10908
   10321
    9833
    9426
    8905
    8548
    7989
    7906
    7528
    7262
    6894
    6743
    6368
    6155
    5953
    5611
    5437
    5255
    5094
    4860
    4601
    4610
    4232
    4143
    3890
    3800
    3672
    3494
    3249
    3235
    2981
    2966
    2728
    2711
    2567
    2496
    2473
    2407
    2156
    2099
    2019
    1910
    1847
    1772
    1699
    1636
    1549
    1445
    1404
    1327
    1323
    1192
    1251
    1159
    1071
    1054
    1014
     927
     918
     865
     829
     816
     824
     727
     756
     676
     692
     660
     579
     547
     523
     500
     491
     468
     465
     430
     440
     420
     404
     372
     341
     314
     333
     287
     308
     269
     260
     301
     252
     252
     241
     237
     226
     236
     198
     156
     193
     205
     168
     187
     151
     167
     149
     136
     135
     128
     117
     127
     120
     118
     115
     115
     125
     111
      96
     101
      84
      90
      97
      72
      72
      73
      91
      79
      69
      82
      67
      49
      75
      60
      58
      60
      74
      57
      66
      54
      55
      49
      49
      65
      45
      63
      52
      49
      57
      55
      54
      37
      60
      52
      48
      57
      62
      53
      54
      48
      43
      62
      62
      51
      61
      65
      58
      72
      72
      74
      76
      79
      87
      96
      80
      92
     108
      97
      87
      94
     108
     107
     106
     119
     103
     116
     115
     101
      89
      97
      92
      90
      88
      75
      78
      75
      72
      67
      77
      61
      58
      73
      53
      57
      60
      49
      49
      48
      49
      40
      35
      32
      34
      29
      27
      27
      27
      29
      23
      37
      23
      25
      29
      28
      30
      28
      27
      19
      27
      28
      22
      19
      29
      25
      27
      26
      17
      29
      26
      20
      20
      23
      26
      22
      24
      20
      22
      26
      23
      24
      28
      28
      21
      16
      32
      16
      20
      19
      19
      29
      26
      16
      23
      22
      21
      17
      15
      24
      19
      18
      19
      13
      10
      18
      15
      22
      18
      22
      23
      23
      23
      19
      21
      17
      19
      13
      16
       9
      22
      19
      12
      16
      23
      18
      16
      13
      20
      13
      16
      17
      14
      16
      14
      10
      12
      10
      17
      16
      16
      12
      20
      15
      12
       8
      18
      23
      11
      18
      26
      19
      10
      22
      15
      12
      13
      15
       9
      18
      14
      17
      13
      20
      14
      15
      21
      14
      16
      14
       7
      10
      15
      14
      16
      11
      15
      23
      14
      15
      18
      13
      19
      14
      18
      19
      17
      16
      18
       6
      13
      13
      14
      14
      19
      15
      17
      17
      18
      17
       8
      22
      11
      13
       8
      16
      13
       7
      19
       9
      20
      15
      15
      10
      10
      10
      15
      19
      18
      14
      13
      10
      19
      17
      16
      25
      22
       8
      10
      12
       8
      12
      20
       9
      21
      11
      10
      14
      10
      17
      13
      10
      11
      13
      14
       8
      10
      20
       9
      15
      17
       9
      14
      17
      12
       8
      12
      13
      18
       8
       8
      11
      20
      13
      14
      16
      10
      15
      12
      12
       9
       8
      18
      14
      16
      14
      18
       9
      14
       9
      11
      15
      12
      13
      21
      15
      13
       9
      14
      17
      12
      14
      13
       7
       9
      15
      14
      15
      14
      16
      13
      14
      13
      11
      17
       9
      10
      12
      12
      11
      14
       8
      12
       9
      10
       7
      13
      10
      11
      12
       9
      13
      10
      10
      12
       9
       9
      10
      16
      10
      11
       9
       8
      12
      16
      12
       8
       7
      13
      10
       8
       4
      15
      11
       7
      10
      12
       8
      11
       7
      11
      14
      13
      10
      11
      16
      14
      10
      10
       9
       7
      13
      11
       4
      10
      12
       7
       7
       9
      14
      13
      11
      10
       8
      16
      12
      15
       5
      10
       9
       4
       7
      17
      17
       9
      13
       8
      13
       9
       6
      15
      12
      16
      13
      13
      19
      16
       7
       7
       6
       7
      14
       8
       8
       5
      11
      15
      14
      11
       9
      14
      12
       9
      18
      10
      11
      16
       5
      11
      14
      13
      14
      11
       9
       8
      14
       6
       9
      10
       7
      10
       8
      10
      15
      12
      12
      11
       8
      11
      13
       6
      12
       6
      11
      19
       8
      11
       6
      10
       9
      12
      20
       9
      16
      11
      18
      10
      12
      18
       6
      12
       4
      11
       8
      20
      12
       7
      19
       9
      12
       6
      12
      16
      12
      13
      13
      13
      11
      13
      14
       7
      13
      13
       6
       6
       9
       7
      14
       9
      12
      10
      11
       5
       9
      10
      11
       8
      14
       5
       6
       9
       9
      12
      13
       8
      11
      11
      11
      14
      16
       7
       9
      12
      18
      13
      13
      13
      10
      19
       8
      19
      18
      14
       9
      12
      16
      18
      13
       7
      17
      20
      10
      10
      13
      17
      15
      13
      16
      14
      14
      16
      19
      17
      11
      15
      15
      12
      13
      12
       9
      15
       7
      20
      10
      13
       8
       8
      13
      13
       8
       8
      11
       6
      13
      16
      10
       7
      10
      14
       8
       7
       7
       8
      12
      11
      15
      15
      10
      16
      13
       4
      15
      14
      12
      13
       9
      10
       7
      13
       9
       9
      11
      10
       6
       3
      10
       8
      10
      10
      10
      15
       9
       8
       9
      11
       9
      10
      15
       8
       5
       7
       4
       4
      13
      13
       8
       5
       8
      14
      11
       6
      12
       5
      10
      12
       8
       7
       6
      12
       6
       7
      12
      12
       4
       4
       7
       8
       9
       6
       1
       6
       6
       8
       6
       4
       9
       8
       8
      11
       7
       5
       5
       9
      11
       9
      11
       7
       7
       5
       7
       5
      14
      12
       9
       9
      12
      12
       9
      10
       7
       9
      14
      12
      14
      13
       7
       9
      13
       9
       9
      11
      12
      10
      15
      15
      13
      14
      18
      13
       8
      12
      13
       6
      13
      17
      11
      11
      17
      13
      21
      17
      16
      20
      21
      24
      15
      19
      18
      21
      17
      16
      11
       6
      17
      24
      16
      20
      21
      22
      22
      19
      17
      15
      17
      15
      18
      20
      13
      13
      19
      17
      14
      17
      12
      17
      13
      23
      12
       9
      18
      21
      20
      15
      12
      14
      15
      23
      17
      14
      10
      20
       9
       7
      15
      10
       8
      14
      11
       8
      10
      12
      15
       8
      11
      13
      12
      10
      12
      14
       9
       7
      13
      15
      11
      10
      14
      10
       8
      12
      11
       9
       6
      10
       9
       4
       8
      11
       7
       7
      10
       8
      13
       8
      12
      10
       7
       5
       9
       7
      13
       9
       7
       5
       8
       8
       9
       4
       7
      11
      10
       6
      13
      10
       8
      14
       8
       4
       8
      13
       6
       4
      15
       2
      10
       8
       6
       7
       2
      10
       5
       6
       6
      12
      15
       4
      10
       5
       7
       4
       3
       7
       2
       9
      10
       9
       5
       7
       9
       6
       8
       6
       6
       3
       5
       5
       7
       5
       6
      10
       4
       8
       5
       7
       5
       6
       5
       6
       2
       7
       6
       3
      11
       4
       5
       9
       8
       5
       8
      13
       9
       5
       7
       6
       7
       6
       6
       2
       4
      14
       7
       7
       6
       6
       6
       6
       6
       7
       8
       6
       4
       4
       5
       8
       8
       4
       4
       6
      11
       4
      11
       6
       5
       9
       7
       5
       8
       9
       7
       6
       4
       7
       4
       5
       5
       6
       3
       6
       7
       5
       5
       3
       5
       4
       3
       3
       4
       7
       4
       5
       4
       7
       7
       7
       3
       3
       1
       9
       2
       5
       7
       5
       0
       7
       7
       5
       3
       4
      10
       3
       7
       5
      10
       5
       4
       8
       1
       7
       6
       8
       3
       6
      11
       4
       6
       5
       3
       6
       6
       4
       6
       4
      11
       8
      11
       4
       5
       8
       2
       5
       5
       7
       5
       6
       4
       1
       9
       5
       6
       5
       4
      11
       6
      14
       9
       7
       6
       3
       5
       3
      11
       5
      10
       7
      13
       6
       8
       5
       6
      12
      10
       7
       9
      11
       6
      11
       7
      13
       7
       8
      13
      10
      15
      11
      11
       8
       7
       6
       7
       8
      10
       9
       5
      11
       8
      16
      13
      12
       8
      14
      11
      11
       9
       8
      13
      12
       7
       5
      13
       7
      11
      13
       5
      14
       7
      12
       9
       8
       6
      14
      11
      14
      10
       9
      11
      13
       9
      17
      10
       6
      10
       9
       7
      11
       5
       8
       8
      10
      11
       6
       9
       5
      12
      13
       2
       7
       5
       5
      10
      10
      10
       6
       4
       8
       9
      10
       7
       7
       4
       8
       9
       8
      10
       4
       4
       6
       5
       6
       7
       3
       5
       5
       6
       8
       2
       5
       8
       9
      11
       3
       8
       8
       4
       6
       5
       4
       5
       1
       5
       6
       3
       2
       8
       7
       7
       4
       6
       3
       3
       4
       6
       2
       7
       6
       4
       4
       1
       1
       3
      10
       5
       5
       3
       3
       2
       5
       3
       5
       0
       1
       2
       2
       6
       5
       6
       3
       4
       4
       4
       8
       2
       6
       7
       3
       2
       0
       5
       1
       5
       7
       3
       1
       3
       2
       4
       2
       2
       4
       3
       3
       7
       4
       1
       4
       5
       3
       5
       3
       1
       7
       3
       3
       5
       4
       2
       2
       3
       6
       6
       6
       4
       4
       6
       3
       2
       8
       2
       2
       4
       3
       6
       2
       2
       3
       5
       2
       4
       3
       2
       2
       5
       4
       4
       7
       3
       2
       7
       4
       2
       7
       4
       3
       6
       2
       5
       4
       7
       3
       9
       3
       4
       3
       3
       3
       3
       8
       3
       2
       6
       7
       4
       5
       5
       5
       6
       5
       2
       2
       9
       2
       4
       5
       3
       6
       7
       2
       6
       1
       8
       4
       1
       8
       1
       4
       4
       5
       5
       3
       9
       3
       1
       5
       3
       2
       5
       8
       4
       4
       1
       7
       4
       6
       4
       5
       3
       2
       0
       5
       7
       4
       7
       1
       2
       5
       5
       4
       5
       4
       1
       6
       5
       3
       7
       2
       6
       5
       4
       1
       3
       3
       6
       3
       2
       2
       0
       3
       4
       1
       6
       1
       2
       1
       5
       1
       4
       3
       5
       4
       1
       5
       1
       4
       2
       2
       3
       4
       3
       1
       5
       1
       4
       3
       2
       2
       6
       3
       5
       5
       2
       5
       1
       5
       4
       1
       2
       5
       2
       2
       1
       4
       2
       4
       3
       1
       3
       4
       2
       2
       2
       2
       3
       2
       1
       0
       2
       0
       1
       0
       0
       0
       0
       1
       1
       0
       0
       0
       0
       0
       0
       1
       0
       0
       1
       0
       1
       2
       0
       0
       0
       0
       0
       0
       0
       0
       1
       0
       1
       0
       1
       0
       0
       0
       0
       0
       0
       0
       0
       0
       1
       0
       0
       0
       1
       1
       0
       0
       0
       0
       0
       0
       0
       0
       0
       0
       0
       0
       0
       0
       0
       0
       1
       0
       0
       0
       0
       0
       0
       0
       0
       0
       0
       0
       0
       0
       0
       0
       0
       0
       0
       0
       0
       0
       0
       0
       0
       0
       0
       0
       0
       0
       0
       0
       0
       0
       0
       0
       0
       0
       0
       0
       0
       0
       0
       0
       0
       0
       0
       0
       0
       0
       0
       0
       0
       0
       0
       0
       0
       0
       0
       0
       0
       0
       0
       0
       0
       0
       0
       0
       0
       0
       0
       0
       0
       0
       0
       0
       0
       0
       0
       0
       0
       0
       0
       0
       0
       0
       0
       0
       0
       0
       0
       0
       0
       0
       0
       0
       0
       0
       0
       0
       1
       0
       0
       0
       0
       0
       0
       0
       0
       0
       0
       0
       0
       0
       0
       0
       0
       0
       0
       0
       0
       0
       0
       0
       0
       0
       0
       0
       0
       0
       0
       0
       0
       0
       0
       0
       0
       0
       0
       0
       0
       0
       0
       0
       0
       0
       0
       0
       0
       0
       0
       0
       0
       0
       0
       0
       0
       0
       0
       0
       0
       0
       0
       0
       0
       0
       0
       0
       0
       0
       0
       0
       0
       0
       0
       0
       0
       0
       0
       0
       0
       0
       0
       0
       0
       0
       0
       0
       0
       0
       0
       0
       0
       0
       0
       0
       0
       0
       0
       0
       0
       0
       0
       0
       0
       0
       0
       0
       0
       0
       0
       0
       0
       0
       0
       0
       0
       0
       0
       0
       0
       0
       0
       0
       0
       0
       0
       0
       0
       0
       0
       0
       0
       0
       0
       0
       0
       0
       0
       0
       0
       0
       0
       0
       0
       0
       0
       0
       0
       0
       0
       0
       0
       0
       0
       0
       0
       0
       0
       0
       0
       0
       0
       0
       0
       0
       0
       0
       0
       0
       0
       0
       0
       0
       0
       0
       0
       0
       0
       0
       0
       0
       0
       0
       0
       0
       0
       0
       0
       0
       0
       0
       0
       0
       0
       0
       0
       0
       0
       0
       0
       0
       0
       0
       0
       0
       0
       0
       0
       0
$ROI:
1
10 10
$PRESETS:
None
0
0
$ENER_FIT:
0.000000 0.000000
$MCA_CAL:
3
0.000000E+000 0.000000E+000 0.000000E+000 
$SHAPE_CAL:
3
0.000000E+000 0.000000E+000 0.000000E+000
