$SPEC_ID:
Beryllilum 1 Calibration
$SPEC_REM:
DET# 1
DETDESC# DESKTOP-T9B70KN Easy-MCA-8k SN 15013759
AP# Maestro Version 7.01
$DATE_MEA:
01/26/2023 11:57:19
$MEAS_TIM:
477 485
$DATA:
0 2047
       0
       0
       0
       0
       0
       0
       0
       0
       0
       0
       0
       1
       1
       0
       0
       1
       1
       0
       0
       0
       0
       0
       0
       1
       0
       3
       0
       0
       0
       1
       2
       2
       6
       6
      31
      76
     179
     447
     972
    1940
    3386
    5933
    8732
   12620
   16914
   22352
   27881
   34471
   39981
   44673
   47498
   48602
   48021
   46335
   44343
   41586
   38951
   36511
   34506
   32082
   29575
   27959
   25825
   23836
   22202
   20354
   18626
   17504
   16186
   14794
   13508
   12586
   11614
   10681
    9749
    8775
    8203
    7649
    6864
    6437
    5892
    5389
    4928
    4758
    4288
    4058
    3672
    3511
    3209
    2958
    2838
    2646
    2380
    2255
    2088
    1937
    1810
    1581
    1571
    1459
    1342
    1230
    1151
    1096
     988
     991
     918
     841
     803
     754
     704
     602
     613
     536
     515
     492
     458
     379
     342
     412
     381
     328
     333
     289
     235
     261
     240
     220
     221
     200
     201
     183
     177
     172
     160
     147
     143
     139
     130
     120
     141
     113
      97
     105
     106
     120
      88
      88
      87
      88
      86
      90
      93
      75
      84
      77
      74
      80
      67
      69
      65
      76
      68
      59
      52
      75
      74
      61
      63
      70
      51
      58
      70
      46
      53
      63
      55
      43
      53
      60
      56
      33
      43
      30
      35
      50
      46
      35
      40
      44
      38
      54
      34
      32
      40
      43
      38
      46
      50
      42
      42
      38
      43
      27
      37
      27
      41
      39
      35
      31
      36
      29
      33
      37
      32
      37
      33
      43
      32
      34
      42
      30
      41
      31
      45
      31
      41
      31
      43
      35
      32
      40
      45
      42
      40
      59
      28
      50
      48
      31
      40
      36
      46
      40
      39
      36
      49
      43
      46
      38
      34
      39
      28
      27
      32
      23
      21
      33
      35
      33
      24
      25
      27
      29
      25
      30
      25
      28
      19
      36
      31
      26
      24
      39
      29
      29
      23
      24
      25
      20
      25
      30
      28
      27
      16
      39
      27
      14
      17
      20
      22
      22
      23
      18
      19
      21
      16
      20
      24
      20
      17
      16
      22
      15
      27
      30
      25
      23
      18
      22
      15
      14
      16
      19
      22
      12
      14
      18
      25
      20
      16
      15
      20
      13
      20
      18
      14
      17
      13
      15
      13
      21
      14
      23
      20
      19
      15
      14
      15
      20
      18
      16
      19
      10
      14
      19
      21
      19
      15
      12
      18
      17
      10
      14
      16
      19
      17
      17
      10
      14
      10
      14
      16
      14
      20
      22
      15
      14
      11
      15
      15
      17
      14
      18
      14
      10
      23
      11
       9
      12
      15
       7
       7
      13
      17
      14
      13
      12
      11
      11
      11
      21
      16
      12
      11
      19
      13
      14
      13
      11
      13
       9
      16
      15
       5
      16
      11
       6
      15
      11
      25
      10
      13
      16
      13
      22
      16
      18
      14
       8
      15
      20
      16
      15
      14
      15
      13
      12
      18
      10
      22
      13
      17
      20
       9
      11
      13
      13
      12
       6
      16
       8
      13
      19
      11
       7
      10
      10
      11
      14
      10
       6
      13
      12
      11
      11
      13
      10
      20
       9
      14
      15
      12
      13
      14
      15
       8
       7
      12
       8
      11
      10
      10
      11
       9
       8
       6
      14
       9
      12
       6
      12
       9
      13
       9
       3
      10
      12
       9
       8
       7
       9
      10
      16
       5
      12
       6
      10
       9
       6
      12
      14
      18
      12
      11
       9
       6
       5
       6
       7
       6
       7
       9
       9
      10
       6
       8
      11
       5
      12
       7
      11
      10
      16
      12
       8
       6
      10
       8
       8
      10
       9
       7
       9
       6
      10
       9
       8
      14
      10
       6
       8
       5
       9
      11
       8
      11
      11
       7
       8
      11
      12
       5
       5
      10
       6
       5
       8
      11
      12
       7
       7
       9
       5
      10
       9
      12
       6
       7
       4
       8
       2
       9
       5
       8
      10
       1
       4
       5
      10
       3
       7
       8
       5
       6
       6
       7
       4
       7
      15
       7
       5
       4
       4
      10
       6
       7
      12
       6
       5
       4
       9
       4
       8
       4
       6
       3
       2
       3
       8
       9
       7
       6
       6
       4
       5
       7
       7
       7
       7
       4
       3
       5
       8
      11
      15
      10
       5
       8
       6
       4
       3
      10
       8
       2
       5
      12
       8
      15
       6
       7
       5
      15
       7
       5
      16
       8
       5
       8
      12
      12
       6
      12
       9
       8
       8
      11
      10
       8
      11
       9
       9
       9
      15
      14
      10
      12
      16
      13
      13
      13
      14
      13
      16
      14
      11
      10
      19
      16
      13
      11
      20
      11
      10
       7
      11
      21
      11
       9
      20
      12
       7
      11
      10
      18
       8
       8
      11
       8
      14
      14
      14
      11
       7
       7
       6
       5
       8
       8
       4
       8
       8
       7
       7
       2
       5
      12
       6
       2
       7
       5
       6
       3
       2
       4
       9
       2
       3
       3
       1
       3
       5
       5
       3
       3
       4
       6
       3
       4
       6
       2
       4
       4
       0
       3
       3
       2
       1
       6
       4
       7
       3
       3
       5
       1
       5
       3
       2
       4
       6
       2
       1
       4
       3
       2
       2
       4
       2
       4
       5
       1
       3
       1
       1
       1
       2
       3
       1
       1
       1
       4
       2
       6
       2
       1
       2
       1
       5
       3
       8
       1
       4
       2
       4
       2
       4
       1
       2
       6
       3
       1
       2
       3
       5
       6
       4
       3
       2
       2
       1
       4
       3
       1
       7
       1
       3
       2
       3
       3
       3
       3
       4
       3
       1
       3
       7
       2
       4
       2
       2
       4
       3
       4
       0
       5
       1
       2
       6
       1
       3
       2
       1
       2
       3
       3
       3
       5
       1
       2
       2
       5
       2
       2
       4
       1
       4
       1
       0
       3
       0
       1
       2
       2
       4
       0
       4
       2
       0
       2
       1
       2
       3
       3
       5
       1
       3
       2
       2
       4
       5
       1
       4
       3
       2
       4
       2
       6
       2
       3
       1
       3
       1
       3
       1
       1
       1
       2
       3
       4
       4
       0
       3
       4
       4
       1
       2
       3
       2
       2
       2
       2
       4
       1
       0
       2
       1
       4
       6
       2
       3
       2
       2
       4
       2
       2
       2
       1
       1
       0
       2
       1
       3
       3
       1
       3
       4
       4
       2
       3
       2
       2
       2
       3
       4
       1
       1
       1
       2
       0
       2
       1
       2
       0
       2
       1
       3
       2
       0
       3
       0
       2
       2
       3
       2
       2
       3
       2
       2
       2
       1
       2
       2
       2
       3
       1
       4
       1
       3
       2
       4
       5
       4
       2
       1
       3
       6
       1
       4
       2
       1
       4
       5
       1
       4
       1
       1
       3
       1
       3
       2
       2
       3
       4
       1
       5
       5
       2
       1
       8
       1
       2
       3
       6
       3
       3
       2
       6
       3
       1
       2
       4
       4
       7
       0
       1
       2
       3
       2
       5
       1
       3
       2
       4
       6
       7
       5
       1
       6
       3
       0
       3
       3
       1
       2
       2
       6
       4
       4
       6
       4
       4
       3
       5
       3
       7
       1
       6
       3
       2
       7
       0
       5
       4
       2
       2
       4
       4
       3
       3
       3
       3
       3
       1
       2
       1
       2
       1
       2
       4
       4
       5
       2
       1
       5
       3
       1
       1
       2
       5
       2
       1
       2
       1
       1
       2
       3
       4
       2
       1
       3
       2
       1
       0
       0
       1
       1
       0
       3
       1
       2
       1
       1
       0
       2
       1
       0
       0
       1
       0
       2
       0
       0
       0
       1
       0
       2
       0
       1
       2
       0
       2
       1
       0
       1
       1
       1
       1
       1
       4
       0
       1
       3
       1
       1
       2
       4
       0
       2
       3
       0
       0
       1
       1
       1
       2
       3
       0
       1
       0
       0
       0
       2
       2
       1
       0
       2
       1
       0
       2
       2
       1
       3
       1
       1
       1
       0
       2
       2
       0
       3
       2
       2
       4
       1
       1
       1
       1
       3
       2
       2
       0
       3
       1
       0
       0
       3
       2
       2
       1
       1
       1
       4
       2
       7
       0
       0
       0
       2
       0
       1
       0
       0
       2
       2
       2
       2
       1
       0
       2
       0
       1
       3
       6
       3
       2
       0
       2
       0
       0
       1
       0
       0
       2
       0
       3
       1
       1
       0
       0
       2
       2
       1
       3
       3
       1
       0
       0
       1
       2
       0
       2
       0
       0
       0
       0
       3
       0
       1
       3
       1
       0
       0
       0
       0
       1
       1
       0
       0
       2
       0
       0
       1
       0
       0
       2
       0
       2
       2
       0
       0
       1
       1
       0
       0
       0
       0
       0
       0
       0
       0
       1
       0
       1
       0
       1
       1
       0
       1
       1
       0
       1
       0
       2
       0
       1
       0
       0
       0
       0
       0
       0
       0
       0
       2
       0
       1
       0
       1
       0
       0
       1
       2
       1
       0
       0
       0
       2
       0
       0
       1
       0
       1
       0
       0
       0
       1
       0
       0
       0
       0
       0
       0
       0
       0
       0
       0
       1
       0
       0
       0
       0
       2
       1
       0
       2
       1
       1
       0
       0
       0
       1
       0
       1
       1
       1
       0
       0
       0
       0
       0
       0
       1
       0
       0
       0
       0
       2
       0
       0
       0
       0
       0
       0
       0
       1
       0
       0
       0
       0
       0
       1
       0
       0
       0
       0
       0
       1
       0
       0
       1
       1
       0
       0
       0
       0
       1
       0
       1
       1
       0
       0
       0
       1
       1
       0
       0
       0
       0
       0
       0
       1
       1
       1
       0
       0
       0
       0
       0
       0
       0
       0
       1
       0
       1
       0
       0
       0
       0
       0
       0
       0
       0
       0
       1
       0
       1
       0
       0
       0
       0
       0
       0
       0
       0
       0
       0
       1
       0
       0
       1
       0
       1
       0
       0
       1
       1
       0
       1
       0
       0
       0
       0
       1
       0
       0
       0
       0
       0
       2
       0
       0
       0
       0
       0
       0
       1
       0
       0
       0
       0
       1
       1
       1
       0
       1
       1
       1
       0
       0
       0
       0
       0
       0
       0
       1
       1
       1
       1
       0
       0
       1
       0
       0
       0
       0
       3
       0
       0
       0
       1
       0
       0
       0
       0
       1
       0
       0
       0
       0
       1
       0
       0
       0
       0
       0
       2
       0
       0
       0
       0
       0
       1
       0
       0
       1
       0
       0
       0
       1
       0
       0
       0
       0
       2
       1
       0
       0
       0
       0
       0
       1
       0
       0
       1
       0
       0
       0
       0
       1
       0
       0
       0
       1
       0
       1
       1
       0
       0
       1
       1
       0
       0
       0
       1
       0
       0
       1
       0
       0
       0
       0
       0
       0
       1
       0
       0
       0
       2
       0
       0
       0
       1
       0
       0
       0
       0
       0
       0
       0
       0
       0
       0
       0
       0
       0
       0
       0
       2
       1
       0
       0
       0
       0
       0
       1
       0
       0
       0
       1
       0
       0
       0
       0
       1
       0
       0
       0
       0
       0
       0
       0
       0
       3
       1
       0
       0
       1
       1
       0
       0
       1
       0
       0
       0
       0
       2
       1
       0
       0
       0
       0
       1
       0
       0
       1
       1
       0
       0
       0
       0
       0
       0
       0
       0
       0
       0
       0
       0
       0
       0
       0
       0
       0
       0
       0
       0
       0
       0
       0
       0
       0
       0
       0
       0
       0
       0
       0
       0
       0
       0
       0
       0
       0
       0
       0
       0
       0
       0
       0
       0
       0
       0
       0
       0
       0
       0
       0
       0
       0
       0
       0
       0
       0
       0
       0
       0
       0
       0
       0
       0
       0
       0
       0
       0
       0
       0
       0
       0
       0
       0
       0
       0
       0
       0
       0
       0
       0
       0
       0
       0
       0
       0
       0
       0
       0
       0
       0
       0
       0
       0
       0
       0
       0
       0
       0
       0
       0
       0
       0
       0
       0
       0
       0
       0
       0
       0
       0
       0
       0
       0
       0
       0
       0
       0
       0
       0
       0
       0
       0
       0
       0
       0
       0
       0
       0
       0
       0
       0
       0
       0
       0
       0
       0
       0
       0
       0
       0
       0
       0
       0
       0
       0
       0
       0
       0
       0
       0
       0
       0
       0
       0
       0
       0
       0
       0
       0
       0
       0
       0
       0
       0
       0
       0
       0
       0
       0
       0
       0
       0
       0
       0
       0
       0
       0
       0
       0
       0
       0
       0
       0
       0
       0
       0
       0
       0
       0
       0
       0
       0
       0
       0
       0
       0
       0
       0
       0
       0
       0
       0
       0
       0
       0
       0
       0
       0
       0
       0
       0
       0
       0
       0
       0
       0
       0
       0
       0
       0
       0
       0
       0
       0
       0
       0
       0
       0
       0
       0
       0
       0
       0
       0
       0
       0
       0
       0
       0
       0
       0
       0
       0
       0
       0
       0
       0
       0
       0
       0
       0
       0
       0
       0
       0
       0
       0
       0
       0
       0
       0
       0
       0
       0
       0
       0
       0
       0
       0
       0
       0
       0
       0
       0
       0
       0
       0
       0
       0
       0
       0
       0
       0
       0
       0
       0
       0
       0
       0
       0
       0
       0
       0
       0
       0
       0
       0
       0
       0
       0
       0
       0
       0
       0
       0
       0
       0
       0
       0
       0
       0
       0
       0
       0
       0
       0
       0
       0
       0
       0
       0
       0
       0
       0
       0
       0
       0
       0
       0
       0
       0
       0
       0
       0
       0
       0
       0
       0
       0
       0
       0
       0
       0
       0
       0
       0
       0
       0
       0
       0
       0
       0
       0
       0
       0
       0
       0
       0
       0
       0
       0
       0
       0
       0
       0
       0
       0
       0
       0
       0
       0
       0
       0
       0
       0
       0
       0
       0
       0
       0
       0
$ROI:
1
10 10
$PRESETS:
None
0
0
$ENER_FIT:
0.000000 0.000000
$MCA_CAL:
3
0.000000E+000 0.000000E+000 0.000000E+000 
$SHAPE_CAL:
3
0.000000E+000 0.000000E+000 0.000000E+000
