$SPEC_ID:
Beryllilum 1 Calibration
$SPEC_REM:
DET# 1
DETDESC# DESKTOP-T9B70KN Easy-MCA-8k SN 15013759
AP# Maestro Version 7.01
$DATE_MEA:
01/26/2023 12:05:43
$MEAS_TIM:
317 325
$DATA:
0 2047
       0
       0
       0
       0
       0
       0
       0
       0
       0
       0
       0
       0
       1
       0
       3
       1
       0
       3
       1
       0
       0
       2
       2
       0
       0
       3
       3
       4
       3
       5
       4
       3
      11
      22
      57
     135
     327
     846
    1749
    3210
    5607
    8815
   13072
   18510
   24476
   31460
   38703
   45825
   52279
   56940
   59967
   61210
   59961
   58059
   55801
   53183
   50303
   47589
   44903
   42501
   39649
   37112
   35423
   32958
   30780
   28665
   26877
   24861
   23074
   21415
   20013
   18640
   17378
   15884
   14966
   13770
   12712
   11673
   11034
   10190
    9253
    8677
    8045
    7610
    7064
    6480
    6112
    5783
    5324
    4793
    4642
    4334
    3810
    3682
    3445
    3250
    3067
    2786
    2570
    2475
    2377
    2183
    2074
    1917
    1850
    1688
    1576
    1475
    1389
    1314
    1186
    1163
    1036
    1022
     942
     860
     834
     814
     673
     650
     599
     579
     503
     544
     468
     426
     383
     366
     365
     369
     308
     320
     313
     301
     241
     280
     251
     215
     214
     230
     167
     177
     170
     164
     163
     170
     153
     158
     144
     135
     124
     114
     115
      90
     117
     121
     112
      91
      84
      81
      74
      83
      70
      88
      85
      75
      90
      87
      70
      63
      74
      66
      67
      61
      50
      70
      51
      58
      55
      48
      55
      50
      57
      59
      56
      55
      48
      58
      60
      35
      45
      51
      44
      51
      49
      49
      42
      54
      43
      45
      48
      43
      36
      32
      33
      48
      43
      42
      41
      35
      29
      31
      27
      28
      37
      38
      40
      44
      43
      49
      42
      49
      38
      30
      30
      53
      37
      46
      51
      40
      48
      42
      48
      49
      54
      48
      58
      61
      47
      47
      44
      41
      57
      50
      60
      57
      61
      53
      49
      49
      42
      60
      39
      54
      36
      45
      33
      31
      31
      26
      41
      27
      36
      28
      23
      28
      23
      31
      30
      29
      28
      27
      21
      28
      30
      39
      31
      23
      25
      22
      27
      26
      25
      25
      27
      28
      37
      29
      27
      19
      26
      20
      28
      28
      26
      25
      32
      28
      23
      19
      22
      20
      26
      28
      15
      26
      18
      14
      20
      15
      19
      20
      19
      13
      19
      18
      28
      23
      11
      24
       8
      15
      22
      21
      17
      12
       8
      13
      12
      12
      16
      16
      18
      18
      17
      20
      20
      17
      11
      13
      18
      17
      17
      18
       9
      16
      13
      13
      15
      20
      16
      17
      18
      16
       8
      16
      28
      17
      12
      11
      18
      17
      15
       9
      14
      12
      16
      13
       9
      16
      14
      16
       9
      14
      11
      15
      18
      14
      20
      15
      15
      14
      20
      11
      21
      10
      15
       9
      22
      14
       8
      17
      18
      10
      11
      11
      15
      18
      19
      15
      11
      15
       7
       9
      12
      13
      10
      11
      14
      14
      17
      13
      17
      13
      13
       9
      16
      16
      10
      18
      12
      24
      16
      14
      14
      14
      13
      14
      13
      15
       9
      14
      12
      13
      20
      10
      15
       7
      19
      15
      14
      13
      16
      14
      10
      14
      11
      12
      15
      17
      17
      13
      13
      11
      13
      20
       8
      11
       9
      15
      10
      14
      12
       3
       4
      10
      13
      13
      10
      12
      13
      17
      11
      12
       9
      10
      12
      10
       7
       8
       7
       9
       8
       8
       8
      11
      11
      10
       8
      13
       6
       6
      12
       7
      14
       5
      11
       4
      13
       7
       8
      11
       5
       5
      11
      12
      15
      10
      13
       8
       6
       6
       9
      12
      18
       9
      22
      16
      10
      14
      10
       8
      13
       9
       9
      15
      12
       8
       7
      10
      11
       7
       5
       8
       7
      14
      11
       7
      12
       6
      10
       8
      16
      10
       7
       6
       4
      10
      11
      12
       7
      12
       7
       8
       8
      13
       4
       7
       9
       9
      12
       8
       6
       7
      14
      10
       8
       7
       8
       9
      11
       9
       6
      12
       7
       5
       6
      10
      11
       8
       8
       7
       5
      10
       7
      11
      11
       9
       8
       8
      10
       8
       9
      12
       7
       9
       7
      10
       5
       7
       7
      11
       5
      10
       8
      10
       6
       7
       2
      10
       5
       7
       7
       5
       8
       9
       8
       7
       9
       7
       8
       5
       6
       7
       6
       6
       6
       8
       7
       5
       4
       9
       4
      10
       3
       7
       3
      11
      12
       6
       9
       4
       3
       6
      11
       8
      10
       8
       4
       7
       9
       5
       9
       8
       3
       7
       8
       4
       5
       6
      12
       9
      11
      10
      10
      14
      13
      16
       7
       8
      12
      11
      10
      11
      15
       8
      14
      16
      11
      11
      15
      10
      14
       7
      16
      10
      20
      12
      19
      12
      14
      10
       8
      21
      15
      15
      10
      14
      16
      10
      14
       8
      11
      13
      13
       8
      13
       8
       5
      13
      15
      14
      10
      12
      17
       8
       5
       5
       2
      10
       2
       9
       8
       9
       6
       6
       6
       7
      11
       5
       6
       8
       6
       7
       8
       7
       6
       6
       5
       8
       2
       6
       3
       5
       8
       4
       4
       7
       3
       6
       7
       2
       6
       7
       4
       6
       3
       1
       3
       4
       4
       2
       1
       5
       5
       4
       3
       4
       2
       5
       5
       6
       5
       2
       2
       6
       8
       1
       3
       4
       3
       2
       3
       5
       8
       6
       7
       4
       9
       3
       5
       6
       3
       5
       3
      11
       3
       0
       6
       6
       5
       3
       7
       5
       3
       5
       5
       4
      12
       5
       7
       4
       2
       5
       3
       3
       4
       3
       6
       3
       8
       5
       6
       3
       7
       8
       7
       3
       5
       4
       6
       4
       6
       3
       8
       4
       8
       7
       2
       5
       3
       3
       6
       8
       7
       1
       4
       5
       7
       4
       4
       3
       4
       5
       3
       3
       5
       6
       8
       1
       6
       4
       4
      11
       3
       7
       7
       7
       5
       5
       8
       4
       2
       6
       5
       5
       5
       4
       3
       6
       4
       7
       3
       6
       4
       6
       6
       2
       6
       6
       4
       3
       3
       4
       0
       2
       5
       4
       4
       6
       7
       4
       5
       7
       2
       3
       3
       5
       3
       2
       6
       1
       3
       3
       4
       2
       4
       5
       4
       3
       1
       4
       3
       4
       6
       3
       4
       2
       5
       3
       5
       3
       6
       2
       4
       6
       1
       8
       3
       3
       4
       3
       6
       4
       3
       4
       2
       1
       1
       1
       6
       3
       9
       2
       5
       4
       3
       5
       4
       3
       5
       1
       3
       4
       3
       3
       3
       2
       2
       6
       2
       4
       4
       1
       2
       3
       2
       3
       1
       2
       1
       4
       2
       5
       3
       6
       2
       3
       0
       0
       1
       4
       3
       3
       2
       1
       6
       2
       0
       1
       4
       3
       7
       3
       6
       4
       3
       4
       1
       1
       1
       2
       2
       7
       5
       3
       2
       2
       7
       1
       1
       1
       6
       3
       4
       3
       3
       7
       6
       5
       1
       2
       7
       3
       3
       1
       4
       6
       4
       3
       8
       2
       3
       1
       5
       4
       6
       6
       3
       3
       6
       4
       6
       5
      13
       5
       4
       4
       8
       5
       5
       8
       4
       8
       4
       6
      16
       6
       7
       8
      12
      10
       9
      11
      14
       5
       7
       2
       5
      11
       7
      11
       6
      11
       9
       7
       8
       8
       2
      10
       9
       4
       6
       4
       6
       7
       4
       6
       6
       2
       7
       4
       3
       6
       5
       7
       5
       3
       3
       8
       5
       3
       3
       3
       6
       3
       4
       6
       4
       0
       6
       1
       3
       4
       0
       1
       3
       4
       5
       2
       1
       3
       3
       4
       0
       2
       2
       1
       0
       0
       1
       1
       1
       0
       2
       2
       0
       2
       0
       0
       3
       1
       0
       2
       1
       0
       0
       2
       2
       2
       0
       3
       0
       0
       0
       0
       0
       0
       0
       3
       1
       0
       1
       0
       2
       2
       0
       1
       2
       0
       1
       0
       2
       2
       0
       1
       1
       0
       1
       2
       3
       1
       3
       3
       1
       0
       3
       1
       1
       2
       0
       1
       4
       3
       1
       1
       2
       1
       2
       1
       1
       2
       3
       1
       4
       2
       1
       1
       2
       2
       1
       1
       1
       1
       1
       0
       1
       1
       4
       0
       0
       1
       3
       0
       1
       3
       3
       1
       4
       0
       0
       4
       0
       0
       4
       1
       2
       2
       1
       2
       1
       1
       0
       1
       2
       2
       3
       3
       0
       0
       2
       1
       1
       0
       1
       0
       1
       0
       2
       0
       0
       0
       0
       0
       4
       1
       0
       1
       1
       0
       1
       1
       1
       0
       0
       0
       1
       0
       0
       1
       1
       2
       0
       0
       0
       0
       1
       0
       2
       0
       1
       0
       0
       1
       0
       1
       1
       0
       0
       0
       0
       0
       0
       0
       2
       0
       2
       0
       1
       0
       0
       0
       0
       2
       0
       0
       0
       0
       1
       0
       0
       0
       0
       1
       1
       0
       0
       0
       0
       1
       0
       1
       0
       1
       2
       0
       0
       0
       0
       0
       0
       0
       0
       0
       2
       0
       0
       1
       0
       0
       0
       0
       0
       1
       1
       0
       0
       0
       0
       1
       1
       0
       2
       0
       0
       0
       0
       0
       1
       0
       0
       0
       0
       0
       1
       0
       1
       0
       0
       0
       0
       0
       0
       1
       0
       0
       0
       1
       0
       0
       2
       0
       0
       0
       0
       1
       1
       1
       0
       1
       1
       0
       0
       1
       0
       1
       0
       0
       1
       0
       0
       0
       2
       0
       0
       0
       0
       0
       0
       1
       0
       0
       1
       0
       1
       0
       1
       1
       2
       0
       0
       0
       0
       1
       0
       1
       1
       0
       0
       0
       0
       2
       0
       1
       0
       0
       0
       0
       0
       0
       0
       0
       0
       0
       0
       0
       0
       0
       0
       0
       0
       0
       0
       1
       0
       0
       0
       0
       0
       0
       0
       0
       0
       0
       0
       0
       0
       2
       1
       0
       0
       0
       0
       0
       1
       0
       0
       0
       0
       0
       0
       0
       0
       0
       0
       0
       1
       0
       0
       1
       0
       0
       0
       0
       0
       1
       1
       0
       1
       0
       0
       0
       0
       0
       0
       0
       0
       0
       0
       1
       0
       0
       0
       0
       0
       1
       0
       0
       0
       0
       0
       1
       0
       0
       1
       0
       0
       0
       0
       1
       0
       0
       0
       0
       1
       0
       0
       0
       0
       0
       0
       0
       1
       0
       0
       0
       0
       0
       0
       1
       0
       0
       0
       0
       0
       0
       0
       0
       0
       0
       0
       0
       0
       0
       0
       0
       0
       0
       2
       2
       0
       0
       2
       0
       0
       0
       1
       0
       0
       0
       0
       1
       1
       0
       0
       0
       0
       0
       0
       1
       1
       1
       1
       0
       0
       0
       0
       0
       0
       1
       1
       0
       0
       2
       0
       0
       0
       0
       0
       0
       0
       0
       1
       0
       0
       0
       1
       0
       1
       1
       0
       1
       0
       0
       0
       0
       0
       0
       0
       0
       0
       0
       0
       1
       1
       0
       0
       0
       0
       1
       1
       0
       1
       1
       0
       0
       0
       1
       1
       0
       0
       0
       0
       0
       0
       0
       0
       0
       0
       0
       0
       0
       0
       0
       0
       0
       0
       0
       0
       0
       0
       0
       0
       0
       0
       0
       0
       0
       0
       0
       0
       0
       0
       0
       0
       0
       0
       0
       0
       0
       0
       0
       0
       0
       0
       0
       0
       0
       0
       0
       0
       0
       0
       0
       0
       0
       0
       0
       0
       0
       0
       0
       0
       0
       0
       0
       0
       0
       0
       0
       0
       0
       0
       0
       0
       0
       0
       0
       0
       0
       0
       0
       0
       0
       0
       0
       0
       0
       0
       0
       0
       0
       0
       0
       0
       0
       0
       0
       0
       0
       0
       0
       0
       0
       0
       0
       0
       0
       0
       0
       0
       0
       0
       0
       0
       0
       0
       0
       0
       0
       0
       0
       0
       0
       0
       0
       0
       0
       0
       0
       0
       0
       0
       0
       0
       0
       0
       0
       0
       0
       0
       0
       0
       0
       0
       0
       0
       0
       0
       0
       0
       0
       0
       0
       0
       0
       0
       0
       0
       0
       0
       0
       0
       0
       0
       0
       0
       0
       0
       0
       0
       0
       0
       0
       0
       0
       0
       0
       0
       0
       0
       0
       0
       0
       0
       0
       0
       0
       0
       0
       0
       0
       0
       0
       0
       0
       0
       0
       0
       0
       0
       0
       0
       0
       0
       0
       0
       0
       0
       0
       0
       0
       0
       0
       0
       0
       0
       0
       0
       0
       0
       0
       0
       0
       0
       0
       0
       0
       0
       0
       0
       0
       0
       0
       0
       0
       0
       0
       0
       0
       0
       0
       0
       0
       0
       0
       0
       0
       0
       0
       0
       0
       0
       0
       0
       0
       0
       0
       0
       0
       0
       0
       0
       0
       0
       0
       0
       0
       0
       0
       0
       0
       0
       0
       0
       0
       0
       0
       0
       0
       0
       0
       0
       0
       0
       0
       0
       0
       0
       0
       0
       0
       0
       0
       0
       0
       0
       0
       0
       0
       0
       0
       0
       0
       0
       0
       0
       0
       0
       0
       0
       0
       0
       0
       0
       0
       0
       0
       0
       0
       0
       0
       0
       0
       0
       0
       0
       0
       0
       0
       0
       0
       0
       0
       0
       0
       0
       0
       0
       0
       0
       0
       0
       0
       0
       0
       0
       0
       0
       0
       0
       0
       0
       0
       0
       0
       0
       0
       0
       0
       0
       0
       0
       0
       0
       0
       0
       0
       0
       0
       0
       0
       0
       0
       0
       0
       0
       0
$ROI:
1
10 10
$PRESETS:
None
0
0
$ENER_FIT:
0.000000 0.000000
$MCA_CAL:
3
0.000000E+000 0.000000E+000 0.000000E+000 
$SHAPE_CAL:
3
0.000000E+000 0.000000E+000 0.000000E+000
