$SPEC_ID:
Beryllilum 1 Calibration
$SPEC_REM:
DET# 1
DETDESC# DESKTOP-T9B70KN Easy-MCA-8k SN 15013759
AP# Maestro Version 7.01
$DATE_MEA:
01/26/2023 12:11:30
$MEAS_TIM:
423 439
$DATA:
0 2047
       0
       0
       0
       0
       0
       0
       0
       1
       0
       0
       0
       0
       1
       1
       2
       0
       1
       0
       1
       2
       0
       3
       3
       2
       2
       0
       5
       5
       4
       3
       6
      13
      32
      72
     155
     350
     804
    1796
    3409
    6080
   10065
   15706
   22603
   30788
   39726
   49836
   59733
   69840
   76751
   83244
   85982
   86749
   84481
   81839
   79076
   75191
   71319
   67403
   64536
   61257
   57917
   54580
   51110
   48580
   45456
   42785
   40280
   37672
   35438
   33097
   30928
   28988
   26944
   25322
   23471
   22173
   20469
   19325
   17891
   16632
   15200
   14452
   13319
   12384
   11437
   10733
   10097
    9633
    8945
    8257
    7858
    7377
    7009
    6376
    6159
    5652
    5226
    5029
    4712
    4306
    4203
    3886
    3700
    3376
    3291
    3030
    2878
    2664
    2677
    2473
    2267
    2155
    1956
    1871
    1750
    1672
    1520
    1462
    1364
    1230
    1211
    1089
    1092
    1032
     898
     874
     835
     733
     708
     685
     656
     631
     561
     547
     496
     478
     452
     411
     423
     357
     390
     376
     312
     307
     293
     253
     242
     233
     251
     224
     220
     216
     190
     166
     166
     174
     149
     187
     160
     177
     134
     152
     128
     132
     134
     128
     111
     117
     121
     106
      87
      91
      96
     107
     101
      84
      96
      81
      72
      77
      79
      98
      61
      74
      86
      72
      60
      69
      80
      66
      60
      57
      77
      54
      59
      57
      55
      72
      79
      57
      54
      57
      55
      36
      53
      55
      45
      46
      55
      33
      48
      45
      56
      42
      53
      35
      37
      50
      38
      45
      48
      54
      55
      52
      52
      48
      59
      57
      68
      55
      68
      56
      56
      84
      70
      61
      75
      82
      84
      82
      88
      83
      89
     100
      94
     103
      85
      97
      77
      86
      83
      79
      78
      75
      66
      70
      69
      68
      59
      78
      55
      59
      64
      53
      52
      38
      47
      36
      42
      48
      51
      37
      47
      44
      31
      31
      36
      40
      38
      33
      35
      33
      45
      29
      33
      38
      33
      37
      24
      35
      32
      32
      35
      30
      27
      25
      36
      32
      27
      29
      23
      30
      35
      34
      36
      30
      29
      31
      19
      32
      17
      22
      25
      25
      29
      23
      32
      23
      31
      28
      23
      22
      15
      24
      30
      17
      19
      17
      28
      24
      23
      19
      20
      22
      30
      21
      25
      27
      18
      26
      18
      23
      20
      20
      22
      22
      26
      21
      18
      16
      28
      17
      26
      17
      16
      25
      25
      11
      17
      24
      17
      22
      24
      21
      19
      21
      23
      18
      17
      16
      19
      16
      12
      15
      18
      13
      12
      14
      18
      17
      20
      21
      32
      19
      16
      12
      25
      16
       8
      12
      19
      12
      22
      19
      15
      15
      14
      20
      12
      13
      21
      15
      15
      18
      11
      18
      21
      13
      16
      25
      19
      26
      19
      14
      18
      13
      13
      19
      21
      19
      14
      21
      15
      17
      15
      19
      17
      17
      15
      16
      17
      16
      17
      22
      22
      11
      21
      13
      19
      20
      27
      17
      10
      19
      13
      14
      17
      17
      21
      12
      27
      13
      15
      13
      23
      16
      15
      19
      22
      16
      15
      20
      15
      18
      16
      11
      13
      15
      11
      19
      11
      16
      18
      24
      21
      13
      13
       9
      14
      15
      15
      10
      15
      16
      12
      15
       9
      12
      19
      16
      12
      12
      15
      12
      16
      10
      21
      18
      15
      16
      16
      10
      10
      19
       7
      14
      11
       9
      10
      14
       9
      14
       9
      10
      19
      26
      11
      12
      13
      10
      17
       9
      11
       9
      13
      11
      10
      17
      14
      10
      13
      12
       9
      13
      18
      11
       8
       8
      12
      14
      12
      11
      14
      11
      13
      11
      11
      13
       6
      12
       9
      10
      17
      12
      17
      16
      18
       7
      11
      11
      14
      10
      10
       7
       6
      10
       8
      16
       9
      10
      12
      16
      11
      13
      10
      12
      15
      16
      15
       8
      14
      15
       7
       7
      14
      11
      17
       9
      12
       8
       9
       4
      10
      12
      11
      12
      10
       6
       9
      10
      13
      10
       7
      20
      12
      12
      10
      11
       9
      12
       9
      13
       7
      11
      11
       9
       8
       7
       9
      12
      11
      18
       6
      10
       9
      18
       5
       7
       3
      15
       8
      17
      12
      14
       7
      12
       9
       8
      16
      16
      10
       8
      18
      11
      14
       9
      10
      19
      15
       7
       8
       8
      10
      10
      15
      11
      12
      18
      15
      19
       7
      11
      11
      15
      12
       8
      15
       8
      23
      23
      12
      17
       9
      17
      21
      12
      11
      14
      20
      17
      14
      16
      16
      12
      12
      14
      14
      16
      23
      24
      17
      14
      28
      15
      18
      12
      14
      19
      23
      16
      31
      16
      11
      16
      13
      22
      12
       9
      25
      21
      16
      17
      14
      16
      14
      18
      11
      16
       8
      10
      12
      11
      21
      14
      11
       8
       8
      12
      11
       9
       5
      12
      12
      12
      10
      10
      15
       9
      16
      12
      14
       3
      10
       8
      11
      11
      15
       5
       9
      14
      12
      13
       8
       8
       7
       9
      10
       9
       5
      11
       8
       7
       8
       8
       8
       6
       2
       8
       8
      15
      11
       7
       4
      14
       7
      11
       9
      10
       6
       6
      11
       9
       5
       6
      10
      12
       4
       9
       7
       6
      13
      14
       9
       5
       5
       7
       6
      10
       8
       3
       8
      11
      11
       9
       6
       4
      14
      13
       9
       9
       7
      10
       4
       8
      12
       8
       5
       7
       7
      11
       9
       7
       7
       5
       8
       4
       9
       9
       5
       5
      12
      13
       9
       6
       9
       5
       8
       6
       7
       9
       4
      12
      11
      15
      12
      15
       9
      11
      12
       5
       6
       7
      12
      18
      11
       4
      10
      11
      14
       9
      10
      14
       6
       7
       6
       6
      12
      15
       9
       7
      10
      10
       9
       6
      11
       6
       4
      11
      10
       7
       6
       9
      12
       7
       8
      10
      11
      12
      13
       6
      17
       9
       6
      10
       6
       7
       4
      10
      10
      13
       5
       7
       8
       7
      11
       6
       4
       8
       4
      10
       3
       7
      14
       6
       6
      10
       6
       5
       9
       5
       5
      11
       5
      12
       8
       8
       7
      10
      11
       4
       6
       5
       7
       7
       9
       7
       8
       2
       7
       6
       7
       8
       7
       7
      10
       6
       9
      13
       5
       3
       4
       9
       8
       9
       4
       5
       6
       3
      11
       6
       7
       4
       5
       4
      10
       4
      10
       9
       8
       7
       5
       4
       2
       6
       4
       7
       6
       6
       7
       8
       3
       9
       9
       9
       9
       5
       8
       4
       4
       9
      11
       9
      10
       4
       9
       5
       4
       8
       8
       2
       3
       6
       4
       5
       7
       5
       4
       3
       3
       5
       8
       7
       8
       5
       3
       7
       4
       5
       3
       3
       4
       6
       9
       8
       7
       3
       6
       3
       8
       4
       4
       8
       6
       6
      10
      11
       3
      10
       6
       4
       6
       9
       2
       9
       3
       5
       6
      11
       5
      11
       8
       5
       7
       4
       7
       8
      11
       8
       8
       8
       7
       9
       9
      14
       7
      10
       7
      11
       6
      13
       9
      13
      17
      14
      20
      12
      18
      11
      17
      20
      20
      13
      17
      13
      11
      21
      16
      21
      19
      11
      13
      17
      14
      17
      17
      12
      13
      22
      24
      12
      22
      21
      16
      12
       8
      23
      23
      20
      11
      14
      21
      17
      12
      22
      18
      16
      23
      10
      24
      21
      24
      16
      18
      10
      18
      19
      11
      10
      19
      17
      16
      12
       9
       6
      17
      12
      13
      11
       7
      13
       5
      10
      13
       6
       4
       7
      16
       7
       5
       6
       5
       2
       7
       4
       0
       5
       6
       3
       2
       3
       5
       6
       0
       1
       5
       2
       2
       2
       5
       2
       4
       4
       1
       2
       3
       1
       4
       3
       3
       5
       2
       2
       2
       6
       3
       2
       2
       0
       4
       2
       0
       1
       2
       2
       4
       1
       2
       2
       1
       1
       0
       0
       1
       4
       0
       2
       2
       1
       0
       0
       2
       1
       4
       1
       2
       0
       1
       6
       1
       1
       3
       3
       1
       3
       0
       4
       1
       1
       1
       1
       1
       0
       5
       2
       1
       0
       1
       3
       2
       2
       1
       2
       2
       2
       2
       2
       0
       0
       1
       0
       1
       1
       0
       1
       1
       2
       2
       1
       1
       0
       3
       2
       0
       1
       1
       1
       2
       0
       1
       2
       0
       2
       2
       1
       0
       2
       1
       0
       1
       5
       0
       0
       3
       0
       0
       0
       1
       2
       1
       0
       2
       1
       2
       3
       0
       1
       0
       0
       1
       1
       1
       1
       3
       0
       0
       0
       0
       0
       0
       0
       1
       0
       0
       0
       3
       1
       0
       0
       1
       1
       1
       0
       0
       0
       1
       1
       0
       0
       0
       1
       0
       1
       1
       0
       0
       2
       0
       1
       2
       0
       0
       1
       0
       1
       2
       0
       0
       2
       0
       0
       0
       0
       1
       0
       0
       0
       0
       1
       1
       0
       1
       0
       0
       0
       0
       1
       0
       0
       0
       0
       0
       0
       0
       1
       0
       0
       0
       0
       0
       0
       2
       1
       0
       0
       1
       1
       0
       0
       0
       0
       0
       0
       0
       0
       0
       0
       0
       0
       0
       0
       0
       0
       0
       0
       3
       0
       0
       0
       1
       0
       0
       0
       0
       0
       0
       1
       0
       1
       0
       0
       1
       0
       0
       0
       0
       0
       0
       1
       1
       0
       0
       0
       0
       0
       0
       0
       0
       1
       0
       0
       0
       1
       0
       1
       0
       0
       1
       0
       0
       0
       0
       0
       0
       0
       0
       0
       0
       0
       0
       1
       0
       0
       0
       1
       0
       0
       0
       0
       1
       1
       0
       0
       1
       0
       0
       0
       0
       0
       0
       0
       0
       0
       0
       1
       0
       1
       0
       0
       0
       0
       0
       0
       1
       0
       0
       0
       0
       0
       0
       0
       0
       0
       0
       0
       1
       1
       0
       1
       0
       0
       0
       0
       0
       0
       0
       0
       1
       1
       0
       1
       0
       0
       1
       1
       0
       0
       0
       0
       0
       0
       0
       1
       1
       1
       0
       0
       0
       0
       0
       0
       0
       0
       1
       0
       0
       0
       0
       0
       0
       0
       0
       0
       1
       1
       0
       0
       0
       0
       0
       0
       0
       0
       0
       0
       0
       0
       1
       0
       0
       0
       0
       1
       0
       2
       1
       1
       0
       0
       1
       0
       0
       1
       0
       0
       0
       0
       0
       0
       0
       0
       0
       0
       2
       1
       0
       1
       0
       0
       0
       0
       0
       0
       0
       0
       0
       0
       1
       0
       0
       0
       0
       0
       0
       0
       1
       0
       1
       0
       0
       1
       0
       0
       0
       2
       1
       0
       2
       1
       0
       0
       0
       0
       0
       1
       1
       0
       0
       0
       0
       0
       0
       0
       2
       0
       1
       0
       0
       0
       0
       0
       1
       0
       1
       0
       0
       1
       0
       1
       0
       0
       0
       0
       0
       0
       1
       0
       0
       0
       0
       0
       0
       0
       0
       0
       0
       0
       0
       0
       0
       0
       0
       0
       0
       0
       0
       0
       0
       0
       0
       0
       0
       0
       0
       0
       0
       0
       0
       0
       0
       0
       0
       0
       0
       0
       0
       0
       0
       0
       0
       0
       0
       0
       0
       0
       0
       0
       0
       0
       0
       0
       0
       0
       0
       0
       0
       0
       0
       0
       0
       0
       0
       0
       0
       0
       0
       0
       0
       0
       0
       0
       0
       0
       0
       0
       0
       0
       0
       0
       0
       0
       0
       0
       0
       0
       0
       0
       0
       0
       0
       0
       0
       0
       0
       0
       0
       0
       0
       0
       0
       0
       0
       0
       0
       0
       0
       0
       0
       0
       0
       0
       0
       0
       0
       0
       0
       0
       0
       0
       0
       0
       0
       0
       0
       0
       0
       0
       0
       0
       0
       0
       0
       0
       0
       0
       0
       0
       0
       0
       0
       0
       0
       0
       0
       0
       0
       0
       0
       0
       0
       0
       0
       0
       0
       0
       0
       0
       0
       0
       0
       0
       0
       0
       0
       0
       0
       0
       0
       0
       0
       0
       0
       0
       0
       0
       0
       0
       0
       0
       0
       0
       0
       0
       0
       0
       0
       0
       0
       0
       0
       0
       0
       0
       0
       0
       0
       0
       0
       0
       0
       0
       0
       0
       0
       0
       0
       0
       0
       0
       0
       0
       0
       0
       0
       0
       0
       0
       0
       0
       0
       0
       0
       0
       0
       0
       0
       0
       0
       0
       0
       0
       0
       0
       0
       0
       0
       0
       0
       0
       0
       0
       0
       0
       0
       0
       0
       0
       0
       0
       0
       0
       0
       0
       0
       0
       0
       0
       0
       0
       0
       0
       0
       0
       0
       0
       0
       0
       0
       0
       0
       0
       0
       0
       0
       0
       0
       0
       0
       0
       0
       0
       0
       0
       0
       0
       0
       0
       0
       0
       0
       0
       0
       0
       0
       0
       0
       0
       0
       0
       0
       0
       0
       0
       0
       0
       0
       0
       0
       0
       0
       0
       0
       0
       0
       0
       0
       0
       0
       0
       0
       0
       0
       0
       0
       0
       0
       0
       0
       0
       0
       0
       0
       0
       0
       0
       0
       0
       0
       0
       0
       0
       0
       0
       0
       0
       0
       0
       0
       0
       0
       0
       0
       0
       0
       0
       0
       0
       0
       0
       0
       0
       0
       0
       0
       0
       0
       0
       0
       0
       0
       0
       0
       0
       0
       0
       0
       0
       0
       0
$ROI:
1
10 10
$PRESETS:
None
0
0
$ENER_FIT:
0.000000 0.000000
$MCA_CAL:
3
0.000000E+000 0.000000E+000 0.000000E+000 
$SHAPE_CAL:
3
0.000000E+000 0.000000E+000 0.000000E+000
