$SPEC_ID:
Beryllilum 1 Calibration
$SPEC_REM:
DET# 1
DETDESC# DESKTOP-T9B70KN Easy-MCA-8k SN 15013759
AP# Maestro Version 7.01
$DATE_MEA:
01/26/2023 12:19:10
$MEAS_TIM:
347 360
$DATA:
0 2047
       0
       0
       0
       0
       1
       0
       0
       1
       1
       0
       1
       0
       1
       1
       1
       1
       1
       0
       2
       3
       1
       0
       3
       1
       3
       1
       1
       1
       5
       3
       7
       7
      17
      42
     106
     248
     552
    1210
    2414
    4314
    7354
   11509
   16822
   23411
   30533
   38688
   47244
   55639
   62788
   68604
   71865
   72851
   71960
   69967
   67202
   64463
   61321
   58052
   55280
   52877
   49476
   47126
   44704
   42018
   39711
   37027
   34709
   32978
   30999
   28562
   27417
   25600
   23715
   22251
   20985
   19401
   18230
   16863
   15954
   15037
   13628
   12945
   11875
   11286
   10349
    9514
    9115
    8610
    7904
    7420
    7014
    6470
    6060
    5803
    5428
    5024
    4794
    4337
    4282
    3960
    3745
    3505
    3265
    3193
    2884
    2762
    2581
    2483
    2276
    2226
    2043
    1906
    1794
    1741
    1674
    1551
    1428
    1310
    1323
    1230
    1164
    1031
    1066
     986
     883
     865
     789
     772
     735
     682
     629
     587
     577
     522
     520
     510
     437
     463
     395
     436
     393
     386
     381
     316
     299
     313
     288
     277
     258
     262
     242
     228
     249
     232
     228
     194
     183
     187
     188
     178
     171
     154
     171
     156
     150
     148
     153
     148
     133
     131
     137
     149
     130
     116
     103
     113
     127
     102
     104
     106
     105
      96
      97
      88
      95
      82
      70
      92
     102
      68
      75
      81
      75
      90
      83
      78
      83
      67
      71
      87
      75
      71
      88
      66
      80
      73
      75
      78
      76
      76
      69
      65
      76
      76
      72
      71
      49
      78
      75
      83
     104
      71
      78
      99
      94
     111
      95
     119
     116
     136
     142
     151
     155
     186
     158
     174
     187
     190
     199
     186
     183
     221
     216
     219
     223
     212
     189
     204
     204
     215
     214
     191
     186
     174
     166
     159
     142
     116
     131
     119
     117
      97
     108
      81
      84
      81
      50
      76
      65
      70
      55
      58
      64
      45
      50
      38
      64
      44
      55
      58
      44
      47
      52
      42
      40
      51
      37
      42
      38
      37
      60
      47
      48
      49
      40
      47
      40
      37
      37
      44
      36
      29
      35
      39
      35
      27
      43
      27
      40
      35
      50
      36
      40
      34
      38
      27
      36
      36
      28
      24
      42
      34
      32
      30
      26
      38
      39
      27
      30
      32
      39
      30
      32
      30
      27
      37
      35
      34
      36
      31
      20
      34
      30
      32
      38
      35
      29
      37
      32
      38
      39
      31
      29
      26
      35
      31
      29
      23
      25
      27
      30
      17
      27
      25
      24
      23
      29
      26
      30
      22
      19
      32
      27
      25
      19
      29
      35
      21
      33
      28
      28
      26
      27
      12
      40
      22
      34
      25
      26
      32
      22
      24
      16
      20
      31
      31
      34
      30
      27
      26
      20
      19
      25
      26
      29
      22
      28
      19
      18
      28
      25
      24
      25
      18
      25
      16
      24
      27
      43
      21
      26
      22
      21
      24
      31
      24
      33
      29
      25
      25
      25
      29
      26
      15
      21
      21
      32
      28
      43
      30
      34
      26
      34
      30
      15
      22
      26
      23
      21
      24
      31
      25
      30
      32
      26
      25
      22
      29
      30
      26
      23
      25
      20
      25
      22
      22
      27
      22
      28
      11
      19
      19
      24
      25
      32
      26
      25
      20
      27
      17
      22
      22
      26
      22
      17
      27
      22
      21
      20
      26
      26
      22
      17
      27
      28
      24
      28
      25
      29
      33
      18
      26
      22
      15
      29
      20
      29
      28
      27
      22
      20
      19
      20
      21
      30
      30
      11
      17
      26
      24
      24
      20
      25
      22
      23
      28
      31
      18
      25
      16
      27
      25
      20
      23
      20
      16
      26
      16
      19
      20
      25
      21
      17
      19
      18
      25
      16
      21
       9
      25
      14
      19
      23
      18
      16
      17
      16
      28
      26
      21
      19
      20
      17
      17
      11
      14
      13
      16
      25
      22
      16
      26
      23
      23
      16
      22
      14
      15
      25
      20
      23
      18
      17
      13
      20
      24
      24
      10
      25
      17
      25
      20
      21
      25
      24
      17
      23
      21
      20
      20
      16
      21
      27
      19
      27
      14
      21
      20
      25
      21
      18
      21
      30
      18
      28
      25
      20
      19
      27
      22
      28
      26
      29
      27
      28
      17
      18
      23
      24
      21
      28
      19
      21
      28
      27
      26
      28
      27
      22
      30
      24
      22
      18
      27
      20
      21
      25
      21
      28
      25
      26
      24
      27
      31
      22
      29
      25
      16
      18
      30
      26
      18
      21
      22
      25
      16
      27
      25
      35
      22
      26
      32
      30
      30
      33
      32
      30
      31
      24
      31
      32
      18
      41
      35
      26
      25
      21
      35
      31
      26
      40
      32
      30
      31
      26
      22
      32
      37
      29
      30
      26
      35
      28
      31
      23
      35
      31
      30
      25
      31
      22
      25
      28
      22
      20
      25
      23
      37
      35
      14
      34
      23
      28
      20
      24
      28
      20
      32
      29
      15
      25
      17
      16
      18
      25
      23
      22
      12
      20
      26
      26
      25
      19
      20
      19
      23
      25
      17
      26
      33
      18
      21
      16
      17
      18
      20
      15
      15
      12
      18
      20
      28
      30
      24
      23
      16
      20
      19
      11
      15
      21
      20
      25
      16
      19
      13
      25
      24
      22
      20
      15
      21
      12
      27
      23
      15
      16
      17
      14
      14
      28
      23
      17
      18
      15
      20
      18
      22
      16
      26
      23
      18
      18
      12
      15
      23
      26
      13
      16
      17
      20
      20
      25
      18
      16
      20
      16
      26
      16
      26
      14
      17
      28
      20
      22
      22
      20
      17
      15
      18
      16
      26
      25
      17
      21
      26
      21
      30
      18
      22
      24
      22
      18
      18
      35
      21
      25
      22
      29
      16
      20
      37
      28
      33
      34
      21
      24
      40
      32
      33
      29
      33
      15
      24
      27
      26
      19
      33
      29
      30
      49
      33
      37
      33
      31
      30
      24
      19
      32
      20
      36
      30
      46
      36
      30
      28
      27
      25
      23
      46
      19
      32
      32
      27
      37
      26
      27
      31
      38
      23
      33
      29
      26
      23
      27
      26
      24
      37
      25
      27
      31
      30
      24
      33
      23
      24
      24
      31
      17
      27
      25
      27
      28
      26
      30
      35
      30
      26
      28
      21
      32
      23
      24
      23
      19
      23
      23
      18
      24
      20
      28
      21
      30
      35
      34
      20
      29
      22
      25
      29
      19
      16
      24
      30
      31
      27
      24
      22
      15
      26
      18
      28
      27
      25
      27
      24
      16
      36
      28
      22
      25
      29
      30
      25
      36
      20
      21
      24
      24
      16
      22
      21
      20
      17
      15
      30
      26
      17
      20
      15
      34
      23
      19
      21
      25
      18
      13
      13
      13
      18
      20
      20
      28
      19
      23
      11
      20
      17
      15
      15
      20
      16
      20
      15
      18
      14
       7
      12
      14
       7
      13
      11
       9
      15
      17
      13
      22
      11
      15
      16
      10
      17
      14
       9
      13
      12
      15
      17
      15
      17
      14
      15
      14
      12
       9
      14
      10
      11
      12
      18
      13
      20
      24
      13
       9
      15
      19
      22
      20
      16
      21
      21
      14
      18
      23
      21
      15
      14
      29
      23
      21
      32
      32
      27
      30
      24
      28
      35
      42
      38
      29
      23
      31
      35
      43
      48
      31
      30
      43
      33
      56
      48
      39
      57
      44
      46
      42
      57
      58
      46
      50
      47
      54
      47
      61
      55
      53
      46
      59
      57
      60
      47
      51
      54
      43
      55
      46
      60
      53
      64
      66
      48
      57
      50
      53
      71
      56
      57
      44
      51
      45
      49
      52
      51
      40
      39
      50
      49
      47
      44
      40
      37
      42
      37
      49
      32
      34
      41
      33
      35
      24
      35
      22
      29
      30
      23
      21
      16
      21
      21
      23
      17
      19
      18
      16
      17
       8
      15
      26
      14
      16
      12
       9
      17
       7
       9
       8
       7
      14
      16
      11
       8
      12
       7
       4
       3
       5
       5
       5
       2
       8
       3
       6
       2
       7
       5
       2
       7
       3
       3
       3
       5
       5
       3
       3
       2
       1
       2
       2
       2
       3
       3
       3
       2
       8
       2
       3
       2
       1
       2
       4
       0
       3
       2
       1
       3
       1
       1
       0
       2
       2
       2
       1
       0
       2
       0
       2
       0
       5
       0
       3
       1
       3
       4
       0
       2
       2
       5
       3
       1
       3
       1
       1
       1
       1
       1
       2
       3
       0
       1
       1
       0
       1
       2
       1
       2
       0
       3
       1
       4
       1
       1
       1
       4
       1
       0
       1
       0
       0
       0
       0
       0
       0
       1
       1
       2
       2
       1
       2
       1
       4
       0
       2
       1
       0
       0
       0
       0
       2
       1
       1
       0
       1
       0
       1
       0
       0
       0
       1
       1
       1
       1
       0
       2
       0
       0
       1
       0
       0
       1
       1
       0
       0
       0
       2
       1
       0
       0
       1
       0
       0
       2
       0
       0
       0
       0
       2
       1
       0
       3
       0
       1
       0
       1
       0
       0
       0
       0
       0
       0
       1
       0
       1
       0
       0
       0
       0
       0
       0
       0
       0
       0
       0
       0
       1
       1
       1
       1
       0
       0
       0
       0
       0
       0
       1
       0
       0
       0
       0
       1
       1
       1
       1
       1
       0
       0
       1
       0
       0
       0
       1
       0
       0
       1
       0
       0
       1
       0
       0
       0
       4
       0
       0
       0
       0
       1
       0
       0
       0
       1
       0
       0
       1
       0
       0
       0
       0
       0
       0
       0
       0
       0
       0
       0
       0
       1
       0
       1
       0
       0
       1
       0
       1
       0
       0
       0
       0
       0
       0
       1
       0
       1
       0
       0
       1
       0
       0
       0
       0
       0
       0
       0
       0
       0
       0
       0
       1
       0
       0
       0
       0
       0
       0
       0
       0
       0
       2
       0
       0
       1
       0
       1
       0
       0
       0
       0
       0
       0
       1
       0
       0
       0
       0
       0
       0
       0
       1
       0
       0
       1
       0
       0
       0
       0
       0
       1
       0
       0
       0
       0
       0
       0
       0
       0
       0
       1
       1
       0
       0
       0
       0
       0
       1
       0
       0
       0
       0
       1
       0
       0
       1
       0
       0
       0
       0
       0
       1
       1
       0
       2
       0
       0
       0
       1
       0
       0
       0
       0
       0
       0
       0
       1
       0
       1
       0
       0
       0
       0
       0
       1
       0
       0
       0
       1
       0
       0
       1
       2
       1
       0
       0
       0
       0
       1
       0
       0
       0
       0
       0
       1
       1
       0
       0
       1
       1
       1
       0
       0
       0
       0
       0
       0
       0
       0
       0
       0
       2
       0
       0
       0
       0
       1
       1
       1
       1
       1
       0
       1
       0
       1
       0
       0
       1
       2
       0
       0
       0
       1
       0
       1
       0
       0
       0
       0
       1
       2
       0
       0
       0
       0
       0
       1
       1
       0
       1
       2
       1
       0
       0
       0
       0
       1
       0
       0
       1
       0
       2
       1
       0
       0
       0
       0
       0
       0
       1
       2
       0
       0
       0
       1
       1
       0
       0
       0
       1
       0
       0
       0
       0
       0
       0
       0
       0
       0
       0
       0
       0
       0
       0
       0
       0
       0
       0
       0
       0
       0
       0
       1
       0
       0
       0
       0
       0
       0
       0
       0
       0
       0
       0
       0
       0
       0
       0
       0
       0
       0
       0
       0
       0
       0
       0
       0
       0
       0
       0
       0
       0
       0
       0
       0
       0
       0
       0
       0
       0
       0
       0
       0
       0
       0
       0
       0
       0
       0
       0
       0
       0
       0
       0
       0
       0
       0
       0
       0
       0
       0
       0
       1
       0
       0
       0
       0
       0
       0
       0
       0
       0
       0
       0
       0
       0
       0
       0
       0
       0
       0
       0
       0
       0
       0
       0
       0
       0
       0
       0
       0
       0
       0
       0
       0
       0
       0
       0
       0
       0
       0
       0
       0
       0
       0
       0
       0
       0
       0
       0
       0
       0
       0
       0
       0
       0
       0
       0
       0
       0
       0
       0
       0
       0
       0
       0
       0
       0
       0
       0
       0
       0
       0
       0
       0
       0
       0
       0
       0
       0
       0
       0
       0
       0
       0
       0
       0
       0
       0
       0
       0
       0
       0
       0
       0
       0
       0
       0
       0
       0
       0
       0
       0
       0
       0
       0
       0
       0
       0
       0
       0
       0
       0
       0
       0
       0
       0
       0
       0
       0
       0
       0
       0
       0
       0
       0
       0
       0
       0
       0
       0
       0
       0
       0
       0
       0
       0
       0
       0
       0
       0
       0
       0
       0
       0
       0
       0
       0
       0
       0
       0
       0
       0
       0
       0
       0
       0
       0
       0
       0
       0
       0
       0
       0
       0
       0
       0
       0
       0
       0
       0
       0
       0
       0
       0
       0
       0
       0
       0
       0
       0
       0
       0
       0
       0
       0
       0
       0
       0
       0
       0
       0
       0
       0
       0
       0
       0
       0
       0
       0
       0
       0
       0
       0
       0
       0
       0
       0
       0
       0
       0
       0
       0
       0
       0
       0
       0
       0
       0
       0
       0
       0
       0
       0
       0
       0
       0
       0
       0
       0
       0
       0
       0
       0
       0
       0
       0
       0
       0
       0
       0
       0
       0
       0
       0
       0
       0
       0
       0
       0
       0
       0
       0
       0
       0
       0
       0
       0
       0
       0
       0
       0
       0
       0
       0
       0
       0
       0
       0
       0
       0
       0
       0
       0
       0
       0
       0
       0
       0
       0
       0
       0
       0
       0
       0
       0
       0
       0
       0
       0
       0
       0
       0
       0
       0
       0
       0
       0
       0
       0
       0
       0
       0
       0
       0
       0
       0
       0
       0
       0
       0
       0
       0
$ROI:
1
10 10
$PRESETS:
None
0
0
$ENER_FIT:
0.000000 0.000000
$MCA_CAL:
3
0.000000E+000 0.000000E+000 0.000000E+000 
$SHAPE_CAL:
3
0.000000E+000 0.000000E+000 0.000000E+000
