$SPEC_ID:
Beryllilum 1 Calibration
$SPEC_REM:
DET# 1
DETDESC# DESKTOP-T9B70KN Easy-MCA-8k SN 15013759
AP# Maestro Version 7.01
$DATE_MEA:
01/26/2023 12:43:52
$MEAS_TIM:
230 240
$DATA:
0 2047
       0
       0
       0
       0
       0
       0
       3
       0
       0
       0
       0
       0
       0
       0
       1
       1
       0
       2
       0
       2
       1
       0
       2
       3
       2
       3
       3
       5
       7
      23
      32
      57
     108
     171
     423
     760
    1433
    2553
    4317
    6739
   10215
   14397
   18900
   24461
   29675
   35217
   40099
   44222
   47618
   49057
   49496
   48414
   47186
   45516
   43451
   41660
   40168
   37967
   36152
   34478
   32798
   30940
   29603
   27885
   26646
   25142
   23607
   22026
   21331
   20078
   18939
   17577
   16794
   16150
   15128
   14150
   13124
   12571
   11665
   11056
   10509
    9742
    9176
    8589
    7927
    7673
    7190
    6783
    6425
    5920
    5774
    5451
    5033
    4856
    4548
    4345
    4074
    3832
    3713
    3425
    3325
    3116
    3110
    2881
    2768
    2546
    2445
    2308
    2189
    2093
    1923
    1918
    1852
    1572
    1621
    1577
    1470
    1403
    1372
    1241
    1249
    1134
    1088
    1048
     990
     938
     882
     841
     820
     822
     738
     711
     702
     649
     611
     648
     561
     581
     550
     507
     486
     500
     438
     472
     412
     406
     412
     407
     393
     329
     331
     378
     338
     325
     321
     288
     315
     305
     277
     265
     240
     269
     254
     251
     234
     208
     219
     229
     197
     207
     214
     171
     175
     205
     189
     194
     166
     159
     155
     156
     172
     156
     151
     163
     155
     158
     178
     158
     130
     134
     138
     129
     155
     135
     127
     125
     138
     144
     167
     134
     136
     126
     118
     151
     138
     147
     125
     120
     132
     120
     128
     118
     111
     135
     140
     147
     148
     161
     172
     153
     178
     180
     208
     230
     251
     278
     262
     293
     291
     382
     353
     383
     402
     443
     456
     526
     531
     582
     556
     607
     599
     610
     661
     614
     624
     607
     582
     622
     554
     553
     568
     521
     455
     446
     377
     409
     343
     343
     307
     291
     240
     227
     234
     177
     194
     179
     165
     130
     137
     106
     107
     107
      88
     113
      99
      84
      72
      91
      80
      80
      59
      86
      65
      80
      71
      61
      64
      70
      58
      68
      64
      62
      70
      71
      62
      74
      53
      72
      74
      53
      61
      57
      56
      63
      69
      72
      56
      61
      58
      57
      61
      51
      62
      57
      51
      56
      64
      42
      58
      51
      51
      51
      56
      36
      50
      59
      48
      63
      56
      51
      57
      45
      32
      42
      42
      45
      40
      44
      46
      46
      42
      45
      50
      53
      45
      46
      61
      51
      43
      50
      56
      59
      41
      59
      48
      41
      62
      44
      47
      48
      48
      46
      44
      51
      43
      42
      32
      40
      54
      42
      52
      45
      47
      36
      56
      40
      36
      44
      37
      33
      44
      41
      36
      37
      52
      42
      52
      50
      40
      50
      52
      33
      40
      48
      44
      39
      41
      50
      30
      23
      46
      48
      48
      40
      42
      38
      52
      50
      47
      45
      33
      49
      45
      44
      49
      39
      54
      43
      39
      33
      43
      50
      50
      38
      41
      53
      37
      46
      33
      35
      51
      51
      43
      41
      44
      41
      52
      36
      41
      52
      36
      43
      44
      52
      40
      47
      40
      36
      33
      35
      48
      43
      48
      44
      36
      32
      46
      41
      42
      38
      42
      43
      49
      39
      27
      36
      43
      39
      47
      38
      40
      45
      41
      41
      43
      45
      38
      40
      42
      39
      26
      39
      41
      32
      47
      34
      29
      40
      35
      40
      33
      33
      37
      43
      32
      47
      36
      36
      37
      34
      38
      41
      40
      35
      35
      39
      50
      32
      33
      31
      48
      37
      48
      37
      42
      43
      37
      50
      33
      45
      36
      42
      34
      46
      37
      37
      37
      35
      42
      31
      40
      47
      32
      28
      40
      36
      32
      38
      36
      35
      27
      50
      41
      35
      31
      39
      38
      34
      46
      38
      35
      37
      30
      35
      44
      45
      41
      46
      34
      39
      41
      34
      44
      44
      35
      39
      56
      38
      33
      30
      34
      30
      37
      45
      37
      44
      26
      47
      41
      38
      35
      44
      47
      42
      40
      37
      43
      41
      40
      45
      46
      42
      40
      42
      44
      34
      49
      47
      52
      44
      37
      38
      39
      39
      35
      43
      50
      46
      60
      41
      32
      65
      48
      46
      35
      42
      57
      45
      40
      55
      48
      52
      55
      59
      53
      59
      69
      44
      51
      62
      46
      76
      50
      52
      51
      58
      51
      54
      46
      53
      60
      71
      54
      54
      56
      45
      58
      52
      55
      39
      51
      41
      50
      51
      43
      51
      70
      69
      63
      55
      46
      58
      37
      54
      37
      61
      53
      53
      48
      35
      51
      40
      48
      54
      34
      42
      60
      54
      53
      39
      46
      51
      59
      48
      53
      48
      50
      50
      54
      50
      58
      46
      62
      53
      46
      39
      57
      51
      56
      37
      53
      45
      59
      46
      45
      54
      34
      38
      54
      46
      44
      43
      40
      37
      45
      55
      56
      41
      40
      49
      56
      52
      49
      49
      52
      52
      61
      40
      45
      43
      57
      48
      45
      57
      41
      58
      46
      47
      38
      47
      42
      43
      48
      42
      43
      43
      52
      39
      48
      50
      45
      45
      53
      55
      51
      49
      44
      50
      46
      38
      52
      40
      41
      46
      51
      35
      42
      50
      47
      51
      56
      53
      59
      52
      47
      49
      38
      57
      50
      36
      49
      49
      43
      42
      55
      42
      56
      38
      38
      45
      51
      59
      47
      58
      36
      40
      44
      55
      50
      38
      45
      46
      55
      67
      60
      50
      45
      45
      41
      56
      44
      52
      48
      51
      50
      46
      46
      42
      52
      58
      51
      45
      43
      45
      48
      51
      36
      46
      61
      42
      49
      51
      47
      50
      58
      64
      49
      55
      44
      70
      51
      50
      54
      68
      52
      60
      56
      56
      52
      63
      64
      72
      61
      61
      58
      79
      61
      58
      46
      69
      50
      70
      68
      79
      64
      68
      89
      93
      75
      83
      62
      78
      79
      77
      75
      87
      81
      87
      85
      86
      58
      77
      83
      85
      61
      73
      85
      79
      73
      72
      85
      86
      71
      77
      89
      85
      78
      74
      85
      66
      74
      77
      75
      84
      88
     103
      61
      73
      75
      72
      80
      68
      60
      72
      82
      87
      70
      53
      72
      87
      75
      62
      68
      87
      63
      73
      72
      65
      65
      62
      62
      71
      79
      68
      58
      69
      80
      86
      65
      61
      59
      63
      54
      66
      60
      65
      74
      70
      52
      66
      48
      61
      59
      61
      66
      52
      81
      50
      67
      67
      58
      70
      63
      64
      63
      54
      58
      62
      67
      47
      56
      46
      56
      64
      72
      52
      64
      58
      67
      64
      57
      49
      64
      45
      53
      47
      69
      59
      59
      63
      59
      49
      40
      48
      53
      55
      62
      55
      43
      49
      42
      49
      52
      58
      43
      55
      50
      49
      42
      51
      38
      41
      40
      50
      33
      34
      49
      50
      42
      29
      39
      46
      38
      36
      36
      42
      48
      34
      27
      37
      33
      37
      41
      33
      34
      35
      28
      34
      36
      29
      35
      34
      36
      30
      37
      44
      23
      34
      30
      29
      42
      29
      32
      42
      26
      36
      37
      38
      46
      40
      50
      57
      44
      42
      48
      46
      52
      40
      55
      55
      44
      56
      70
      63
      44
      74
      77
      66
      69
      75
      97
      87
      74
      75
      78
     100
      95
      83
      82
     104
      99
      93
      97
     112
     109
     125
     126
     100
     131
     119
     121
     110
     142
     133
     131
     142
     150
     123
     127
     128
     145
     145
     143
     156
     165
     156
     148
     169
     153
     130
     152
     155
     159
     153
     154
     123
     159
     126
     151
     121
     124
     136
     134
     133
     116
     112
     119
     123
     118
     129
     111
     117
     112
     101
     104
     107
     110
      98
     112
     109
      87
      98
      84
      86
      98
      75
      70
      63
      70
      78
      60
      66
      56
      70
      53
      59
      51
      50
      36
      53
      38
      37
      42
      33
      36
      28
      34
      25
      30
      33
      25
      36
      20
      26
      25
      23
      22
      22
      16
      20
      13
      18
      21
      17
      18
      12
      13
      21
      15
      13
      14
      16
      10
      10
       8
       9
      11
      11
       8
      11
       6
      10
      12
       9
       2
       8
       8
       7
       9
       6
       5
       9
       4
       6
       2
       6
       0
       1
       3
       2
       3
       3
       2
       0
       5
       4
       1
       2
       6
       2
       1
       0
       4
       1
       3
       0
       4
       2
       1
       1
       2
       2
       2
       2
       2
       2
       2
       2
       1
       1
       5
       4
       4
       1
       3
       2
       1
       2
       0
       1
       0
       0
       1
       2
       0
       0
       0
       0
       1
       0
       2
       2
       2
       0
       1
       2
       0
       0
       2
       2
       3
       0
       2
       1
       0
       1
       0
       0
       1
       0
       0
       0
       2
       0
       0
       0
       1
       0
       0
       1
       1
       1
       1
       0
       1
       0
       0
       0
       0
       0
       0
       0
       0
       0
       2
       1
       1
       0
       1
       0
       1
       0
       1
       3
       0
       0
       0
       0
       0
       2
       0
       2
       0
       1
       0
       0
       0
       1
       0
       1
       0
       0
       0
       1
       1
       1
       0
       1
       0
       0
       0
       1
       2
       1
       0
       0
       0
       0
       0
       0
       0
       0
       0
       1
       0
       0
       0
       0
       1
       0
       2
       0
       0
       0
       0
       0
       0
       1
       1
       0
       1
       0
       0
       0
       0
       0
       0
       0
       0
       0
       2
       0
       0
       0
       0
       1
       1
       2
       0
       0
       0
       0
       0
       0
       2
       2
       1
       0
       1
       2
       0
       1
       0
       0
       0
       1
       1
       2
       1
       1
       0
       0
       0
       0
       0
       0
       0
       0
       0
       0
       1
       1
       1
       0
       0
       0
       1
       1
       0
       0
       0
       1
       1
       0
       0
       1
       0
       0
       0
       2
       1
       1
       0
       0
       0
       0
       2
       1
       0
       0
       0
       0
       1
       1
       0
       0
       0
       0
       0
       3
       0
       0
       0
       0
       0
       0
       0
       0
       2
       0
       0
       0
       1
       1
       1
       1
       0
       1
       1
       0
       0
       1
       1
       0
       1
       1
       2
       0
       2
       1
       0
       0
       0
       1
       0
       1
       0
       1
       0
       0
       0
       0
       1
       0
       0
       1
       1
       0
       0
       0
       1
       0
       0
       1
       1
       0
       0
       0
       0
       0
       0
       0
       1
       0
       0
       0
       0
       1
       2
       0
       0
       0
       2
       2
       0
       0
       0
       1
       0
       0
       2
       1
       1
       0
       2
       0
       1
       0
       0
       1
       0
       0
       0
       0
       2
       2
       0
       2
       0
       0
       2
       0
       0
       0
       0
       1
       0
       1
       1
       0
       0
       1
       0
       1
       0
       0
       1
       0
       0
       1
       1
       0
       1
       0
       2
       0
       0
       0
       0
       0
       0
       0
       0
       0
       1
       1
       0
       0
       1
       1
       0
       0
       1
       0
       3
       0
       1
       0
       0
       0
       0
       2
       0
       0
       0
       0
       0
       1
       0
       1
       0
       1
       2
       0
       0
       1
       0
       0
       0
       0
       1
       0
       1
       0
       0
       2
       0
       0
       0
       0
       0
       0
       0
       0
       0
       0
       0
       0
       0
       0
       0
       0
       0
       0
       0
       0
       0
       0
       0
       0
       0
       1
       0
       0
       0
       0
       0
       0
       0
       0
       0
       0
       0
       0
       0
       1
       0
       1
       0
       0
       0
       0
       0
       0
       0
       0
       0
       0
       0
       0
       0
       0
       0
       0
       0
       0
       0
       0
       0
       0
       0
       0
       0
       0
       0
       0
       0
       0
       0
       0
       0
       0
       0
       0
       0
       0
       0
       0
       0
       0
       0
       0
       0
       0
       0
       0
       0
       0
       0
       0
       0
       0
       0
       0
       0
       0
       0
       0
       0
       0
       0
       0
       0
       0
       0
       0
       0
       0
       0
       0
       0
       0
       0
       0
       0
       0
       0
       0
       0
       0
       0
       0
       0
       1
       0
       0
       0
       0
       0
       0
       0
       0
       0
       0
       0
       0
       0
       0
       0
       0
       0
       0
       0
       0
       0
       0
       0
       0
       0
       0
       0
       0
       0
       0
       0
       0
       0
       0
       0
       0
       0
       0
       0
       0
       0
       0
       0
       0
       0
       0
       0
       0
       0
       0
       0
       0
       0
       0
       0
       0
       0
       0
       0
       0
       0
       0
       0
       0
       0
       0
       0
       0
       0
       0
       0
       0
       0
       0
       0
       0
       0
       0
       0
       0
       0
       0
       0
       0
       0
       0
       0
       0
       0
       0
       0
       0
       0
       0
       0
       0
       0
       0
       0
       0
       0
       0
       0
       0
       0
       0
       0
       0
       0
       0
       0
       0
       0
       0
       0
       0
       0
       0
       0
       0
       0
       0
       0
       0
       0
       0
       0
       0
       0
       0
       0
       0
       0
       1
       0
       0
       0
       0
       0
       0
       0
       0
       0
       0
       0
       0
       0
       0
       0
       0
       0
       0
       0
       0
       0
       0
       0
       0
       0
       0
       0
       0
       0
       0
       0
       0
       0
       0
       0
       0
       0
       0
       0
       0
       0
       0
       0
       0
       0
       0
       0
       0
       0
       0
       0
       0
       0
       0
       0
       0
       0
       0
       0
       0
       0
       0
       0
       0
       0
       0
       0
       0
       0
       0
       0
       0
       0
       0
       0
       0
       0
       0
       0
       0
       0
       0
       0
       0
       0
       0
       0
       0
       0
       0
       0
       0
       0
       0
       0
       0
       0
       0
       0
       0
       0
       0
       0
       0
       0
       0
       0
       0
       0
       0
       0
       0
       0
       0
       0
       0
       0
       0
       0
       0
       0
       0
       0
       0
       0
       0
       0
       0
       0
       0
$ROI:
1
10 10
$PRESETS:
None
0
0
$ENER_FIT:
0.000000 0.000000
$MCA_CAL:
3
0.000000E+000 0.000000E+000 0.000000E+000 
$SHAPE_CAL:
3
0.000000E+000 0.000000E+000 0.000000E+000
