$SPEC_ID:
Beryllilum 1 Calibration
$SPEC_REM:
DET# 1
DETDESC# DESKTOP-T9B70KN Easy-MCA-8k SN 15013759
AP# Maestro Version 7.01
$DATE_MEA:
01/26/2023 12:51:05
$MEAS_TIM:
177 189
$DATA:
0 2047
       0
       0
       0
       0
       0
       0
       0
       0
       1
       0
       0
       1
       1
       1
       1
       1
       1
       1
       2
       1
       2
       2
       4
       3
       0
       2
       1
       4
       7
      15
      37
      86
     158
     327
     590
    1177
    2317
    4070
    6732
   10632
   16113
   22359
   29587
   38241
   46511
   55020
   61962
   68505
   72852
   75788
   76138
   75222
   73584
   70867
   68406
   64840
   61990
   59571
   56651
   54156
   51671
   48971
   46174
   44020
   41860
   40215
   37850
   35835
   34016
   31521
   30034
   28662
   27114
   25289
   24141
   22847
   21525
   20297
   18917
   18090
   16872
   15842
   15065
   14113
   13354
   12594
   11862
   11040
   10686
    9998
    9588
    8952
    8480
    8080
    7554
    7217
    6957
    6414
    6186
    5817
    5555
    5335
    5082
    4660
    4488
    4312
    4036
    3897
    3630
    3501
    3415
    3212
    3139
    2940
    2707
    2634
    2520
    2381
    2295
    2176
    2074
    1895
    2048
    1800
    1722
    1674
    1595
    1513
    1377
    1401
    1336
    1206
    1214
    1143
    1103
    1057
     967
     958
     897
     926
     866
     852
     789
     748
     667
     686
     720
     655
     597
     606
     548
     517
     534
     532
     499
     459
     465
     443
     400
     434
     410
     392
     374
     377
     362
     316
     326
     317
     316
     305
     295
     299
     302
     260
     253
     284
     252
     256
     277
     239
     216
     226
     222
     258
     215
     240
     207
     211
     210
     197
     203
     192
     241
     195
     205
     179
     203
     185
     169
     170
     194
     163
     181
     180
     191
     185
     203
     170
     201
     168
     201
     175
     151
     202
     195
     207
     220
     219
     245
     251
     265
     307
     277
     338
     403
     414
     432
     484
     537
     571
     592
     651
     741
     715
     818
     840
     953
     943
    1008
     994
    1011
     962
    1042
    1071
    1070
    1041
    1020
    1002
     979
     974
     947
     926
     804
     780
     704
     681
     598
     562
     549
     435
     466
     422
     373
     305
     313
     288
     247
     241
     190
     182
     168
     135
     130
     141
     109
     120
     119
     127
     101
     127
     107
      96
     100
     113
     101
     118
      86
     111
      99
     102
      98
      85
      89
      87
      72
      92
      87
      89
      86
      78
      77
      72
      78
      70
      75
      86
      80
      69
      57
      77
      56
      60
      68
      68
      72
      62
      61
      76
      48
      58
      69
      60
      73
      69
      67
      47
      75
      60
      61
      55
      70
      51
      67
      61
      61
      50
      55
      54
      56
      68
      57
      59
      43
      64
      50
      67
      51
      63
      53
      44
      49
      40
      55
      59
      63
      37
      45
      53
      52
      55
      40
      47
      52
      48
      51
      41
      55
      41
      50
      43
      63
      50
      53
      46
      37
      41
      53
      49
      52
      41
      45
      50
      50
      38
      42
      46
      66
      62
      50
      45
      48
      50
      46
      47
      35
      53
      51
      45
      38
      55
      45
      57
      46
      42
      56
      56
      58
      43
      36
      45
      46
      44
      48
      45
      50
      41
      48
      48
      38
      46
      44
      35
      44
      52
      34
      40
      58
      51
      56
      59
      65
      39
      49
      55
      38
      42
      42
      36
      30
      38
      37
      44
      45
      48
      35
      48
      39
      51
      47
      50
      37
      40
      44
      56
      48
      49
      39
      37
      52
      37
      45
      49
      49
      45
      57
      43
      38
      50
      39
      27
      49
      37
      40
      45
      45
      42
      46
      54
      42
      43
      39
      34
      31
      42
      52
      37
      42
      37
      43
      40
      41
      42
      37
      45
      45
      29
      38
      36
      51
      42
      45
      51
      32
      43
      31
      37
      42
      38
      38
      42
      42
      34
      30
      51
      40
      54
      38
      39
      42
      34
      42
      36
      40
      33
      50
      35
      37
      42
      39
      32
      39
      56
      32
      50
      41
      38
      41
      43
      20
      36
      40
      45
      48
      44
      36
      37
      47
      53
      41
      37
      35
      47
      45
      40
      45
      43
      40
      47
      52
      52
      40
      39
      31
      53
      38
      48
      59
      32
      43
      46
      40
      43
      28
      52
      34
      37
      48
      43
      34
      41
      42
      53
      43
      37
      46
      33
      51
      50
      52
      36
      42
      45
      37
      45
      46
      38
      46
      46
      45
      36
      38
      52
      48
      37
      41
      36
      47
      47
      37
      43
      47
      62
      48
      55
      44
      56
      29
      54
      53
      51
      51
      54
      61
      60
      50
      63
      53
      49
      54
      52
      57
      61
      46
      49
      63
      55
      48
      56
      60
      54
      50
      44
      45
      60
      60
      55
      56
      63
      45
      55
      56
      61
      48
      52
      44
      55
      46
      59
      64
      47
      67
      61
      53
      59
      51
      61
      61
      47
      64
      53
      51
      46
      45
      45
      44
      61
      60
      62
      45
      40
      52
      46
      52
      61
      47
      69
      56
      52
      54
      62
      64
      61
      44
      54
      55
      53
      52
      50
      53
      60
      66
      59
      51
      58
      52
      52
      51
      40
      57
      50
      47
      52
      51
      47
      62
      64
      47
      56
      45
      51
      56
      49
      50
      61
      49
      44
      35
      40
      51
      51
      48
      55
      35
      50
      62
      49
      57
      55
      50
      41
      59
      53
      62
      45
      45
      36
      56
      44
      58
      46
      42
      57
      48
      52
      46
      56
      53
      45
      49
      49
      41
      52
      57
      57
      48
      61
      53
      53
      48
      54
      50
      52
      50
      53
      53
      41
      52
      43
      49
      44
      51
      37
      39
      40
      45
      48
      38
      44
      63
      54
      48
      42
      51
      48
      55
      48
      53
      44
      62
      49
      47
      63
      47
      47
      64
      48
      45
      55
      45
      41
      48
      47
      57
      58
      45
      47
      36
      50
      52
      55
      52
      44
      53
      48
      58
      51
      52
      59
      56
      58
      53
      42
      53
      65
      54
      48
      48
      55
      37
      70
      61
      54
      62
      59
      64
      47
      49
      52
      52
      58
      74
      69
      60
      70
      64
      65
      63
      68
      75
      70
      55
      57
      70
      64
      65
      74
      86
      70
      67
      72
      71
      83
      79
      74
      74
      65
      93
      75
      77
      75
      94
     104
      73
      85
      62
      79
      86
      83
     105
      79
      91
      85
      73
     101
      76
      79
      83
      91
      82
      97
      86
      99
      76
      83
      75
      88
      89
      88
      76
      81
      72
      76
      78
      88
      84
      78
      77
      84
      78
      71
      58
      76
      77
      71
      73
      87
      60
      53
      80
      66
      65
      66
      57
      74
      74
      64
      64
      76
      61
      70
      67
      55
      70
      58
      54
      56
      67
      70
      67
      61
      56
      55
      75
      70
      65
      71
      64
      62
      67
      61
      86
      71
      54
      67
      57
      67
      73
      56
      54
      67
      55
      62
      65
      68
      55
      56
      68
      75
      56
      64
      65
      58
      54
      61
      67
      46
      54
      55
      53
      58
      60
      57
      51
      52
      42
      45
      54
      66
      52
      48
      55
      51
      35
      47
      50
      46
      51
      49
      59
      39
      38
      37
      49
      41
      50
      48
      41
      42
      30
      32
      46
      39
      36
      40
      31
      32
      41
      47
      36
      35
      41
      41
      40
      30
      31
      40
      28
      41
      38
      33
      44
      31
      33
      34
      30
      34
      33
      26
      36
      42
      31
      34
      25
      34
      44
      32
      45
      29
      46
      57
      45
      48
      45
      47
      39
      48
      49
      53
      40
      61
      56
      42
      46
      79
      57
      63
      62
      65
      63
      65
      67
      68
      79
      74
      85
      71
      82
      81
     102
     105
     108
     100
     105
     117
     104
      92
      96
      92
     129
     117
     129
     118
     130
     132
     133
     153
     142
     129
     134
     144
     156
     122
     134
     142
     156
     153
     138
     160
     142
     147
     157
     148
     146
     163
     158
     118
     149
     146
     159
     171
     135
     127
     141
     136
     129
     125
     131
     141
     117
     137
     132
     144
     121
     112
     117
     107
      97
     130
     110
     102
     126
     113
      99
     102
      88
      86
      88
      72
      81
      72
      78
      70
      73
      72
      69
      67
      66
      52
      67
      53
      56
      57
      51
      64
      46
      41
      42
      37
      37
      37
      37
      43
      28
      40
      27
      30
      23
      34
      25
      18
      15
      12
      17
      13
      17
      16
      18
       9
      20
      13
       8
      19
      15
      11
      14
      11
      11
      11
       9
      11
       9
       7
       7
      10
       9
       7
       9
       6
       7
       9
       6
       7
      10
       7
       5
       0
       9
       1
       4
       4
       8
       8
       8
       6
       4
       5
       3
       3
       5
       2
       3
       1
       4
       3
       1
       3
       1
       4
       3
       4
       0
       4
       2
       2
       0
       0
       2
       1
       2
       0
       1
       2
       1
       1
       4
       0
       2
       4
       2
       2
       2
       1
       2
       0
       2
       1
       4
       1
       1
       0
       1
       2
       2
       1
       1
       4
       2
       0
       3
       1
       0
       1
       0
       1
       1
       1
       0
       0
       0
       0
       1
       1
       0
       2
       0
       2
       0
       0
       0
       0
       0
       0
       2
       1
       0
       0
       2
       0
       0
       1
       0
       0
       0
       0
       0
       0
       0
       1
       1
       0
       0
       0
       2
       0
       0
       1
       0
       1
       0
       1
       1
       1
       0
       2
       0
       2
       0
       1
       0
       0
       2
       0
       0
       0
       0
       0
       0
       0
       0
       0
       0
       2
       0
       0
       1
       0
       0
       0
       1
       0
       1
       0
       0
       0
       2
       1
       1
       0
       1
       0
       1
       0
       0
       3
       1
       1
       0
       1
       1
       0
       0
       1
       0
       0
       0
       1
       0
       1
       0
       0
       0
       0
       0
       1
       0
       0
       0
       0
       0
       0
       0
       0
       0
       1
       0
       1
       0
       0
       0
       1
       0
       0
       0
       1
       2
       0
       0
       0
       1
       2
       0
       0
       3
       0
       0
       0
       0
       2
       0
       0
       0
       1
       1
       1
       2
       1
       0
       0
       1
       2
       0
       2
       0
       1
       0
       1
       0
       0
       0
       1
       1
       1
       0
       1
       0
       0
       0
       1
       0
       0
       0
       1
       1
       2
       2
       2
       0
       1
       1
       0
       1
       0
       0
       1
       0
       0
       0
       0
       1
       1
       0
       0
       0
       0
       1
       0
       1
       0
       0
       1
       0
       1
       0
       0
       0
       0
       0
       0
       0
       0
       0
       0
       0
       0
       0
       1
       1
       0
       0
       0
       0
       0
       1
       0
       0
       0
       0
       2
       0
       1
       1
       0
       0
       0
       1
       0
       0
       2
       1
       0
       0
       0
       0
       2
       1
       0
       0
       1
       2
       1
       1
       3
       0
       0
       1
       0
       1
       0
       1
       0
       1
       0
       2
       1
       0
       1
       1
       1
       0
       2
       0
       0
       0
       1
       0
       1
       1
       0
       0
       1
       1
       0
       1
       1
       0
       0
       0
       1
       0
       2
       0
       0
       0
       1
       0
       4
       0
       0
       0
       0
       1
       0
       1
       0
       0
       1
       0
       0
       0
       0
       0
       1
       1
       0
       2
       1
       0
       1
       0
       1
       1
       2
       0
       1
       0
       0
       0
       0
       0
       0
       1
       0
       0
       0
       0
       4
       1
       0
       0
       1
       0
       0
       0
       1
       2
       1
       0
       1
       2
       0
       0
       1
       2
       0
       0
       0
       0
       1
       0
       1
       0
       0
       0
       2
       0
       2
       0
       0
       1
       0
       1
       0
       0
       0
       0
       0
       0
       0
       0
       0
       0
       0
       0
       1
       0
       0
       0
       0
       0
       0
       0
       1
       0
       0
       0
       0
       0
       0
       0
       0
       0
       0
       0
       0
       0
       0
       0
       0
       0
       0
       0
       0
       0
       0
       0
       0
       0
       0
       0
       0
       0
       0
       0
       0
       0
       0
       0
       0
       0
       0
       0
       0
       0
       0
       0
       0
       0
       0
       0
       0
       0
       0
       0
       0
       0
       0
       0
       0
       0
       0
       0
       0
       0
       0
       0
       1
       0
       0
       0
       0
       0
       0
       0
       0
       0
       0
       0
       0
       0
       0
       0
       0
       0
       0
       0
       0
       0
       0
       0
       0
       0
       0
       0
       0
       0
       0
       0
       0
       0
       0
       0
       0
       0
       0
       0
       0
       0
       0
       0
       0
       0
       0
       0
       0
       0
       0
       0
       0
       0
       0
       0
       0
       0
       0
       0
       0
       0
       0
       0
       0
       0
       0
       0
       0
       0
       0
       0
       0
       0
       0
       0
       0
       1
       0
       0
       0
       0
       0
       0
       0
       0
       0
       0
       0
       0
       0
       0
       0
       0
       0
       0
       0
       0
       0
       0
       0
       0
       0
       0
       0
       0
       0
       0
       0
       0
       0
       0
       0
       0
       0
       0
       0
       0
       0
       0
       0
       0
       0
       0
       0
       0
       0
       0
       0
       0
       0
       0
       0
       0
       0
       0
       0
       0
       0
       0
       0
       0
       0
       0
       0
       0
       0
       0
       0
       0
       0
       0
       0
       0
       0
       0
       0
       0
       0
       0
       0
       0
       0
       0
       0
       0
       0
       0
       0
       0
       0
       0
       0
       0
       0
       0
       0
       0
       0
       0
       0
       0
       0
       0
       0
       0
       0
       0
       0
       0
       0
       0
       0
       0
       0
       0
       0
       0
       0
       0
       0
       0
       0
       0
       0
       1
       0
       0
       0
       0
       0
       0
       0
       0
       0
       0
       0
       0
       0
       0
       0
       0
       0
       0
       0
       0
       0
       0
       0
       0
       0
       0
       0
       0
       0
       0
       0
       0
       0
       0
       0
       0
       0
       0
       0
       0
       0
       0
       0
       0
       0
       0
       0
       0
       0
       0
       0
       0
       0
       0
       0
       0
       0
       0
       0
       0
       0
       0
       0
       0
       0
       0
       0
       0
       0
       0
       0
       0
       0
       0
       0
       0
       0
       0
       0
       0
       0
       0
       0
       0
       0
       0
       0
$ROI:
1
10 10
$PRESETS:
None
0
0
$ENER_FIT:
0.000000 0.000000
$MCA_CAL:
3
0.000000E+000 0.000000E+000 0.000000E+000 
$SHAPE_CAL:
3
0.000000E+000 0.000000E+000 0.000000E+000
