$SPEC_ID:
Beryllilum 1 Calibration
$SPEC_REM:
DET# 1
DETDESC# DESKTOP-T9B70KN Easy-MCA-8k SN 15013759
AP# Maestro Version 7.01
$DATE_MEA:
01/26/2023 12:54:41
$MEAS_TIM:
367 395
$DATA:
0 2047
       0
       0
       0
       0
       0
       1
       1
       0
       0
       1
       2
       1
       0
       0
       1
       2
       1
       2
       1
       1
       3
       4
       3
       3
      10
       9
      14
      10
      28
      58
      83
     174
     365
     682
    1459
    2764
    5026
    8603
   14100
   21905
   31613
   43680
   57444
   72133
   86991
  100751
  113004
  123973
  129933
  134342
  134398
  132682
  129094
  125142
  119939
  115139
  110391
  105654
  101074
   97073
   92260
   87768
   83806
   79858
   75622
   72137
   68543
   64960
   61617
   58568
   55952
   52732
   49812
   47402
   44916
   42762
   40213
   38005
   35990
   33926
   32066
   30297
   28722
   26841
   25447
   24009
   22678
   21471
   20379
   19388
   18545
   17291
   16542
   15529
   14920
   13775
   13296
   12774
   12042
   11366
   10820
   10428
    9716
    9292
    8929
    8323
    8095
    7608
    7218
    7119
    6623
    6311
    5986
    5791
    5344
    5154
    4957
    4744
    4561
    4358
    3971
    3936
    3762
    3528
    3305
    3270
    2997
    2863
    2757
    2725
    2565
    2442
    2286
    2280
    2081
    2092
    1999
    1851
    1839
    1783
    1713
    1589
    1469
    1482
    1401
    1332
    1285
    1281
    1175
    1123
    1185
    1071
     997
     991
     950
     905
     849
     798
     755
     796
     741
     724
     666
     679
     600
     599
     589
     528
     567
     541
     483
     497
     476
     465
     431
     413
     413
     460
     392
     382
     387
     397
     365
     364
     339
     361
     320
     306
     304
     334
     313
     323
     318
     303
     241
     275
     267
     285
     303
     276
     268
     265
     271
     275
     254
     279
     251
     273
     244
     258
     301
     281
     281
     322
     276
     309
     318
     311
     318
     338
     354
     389
     396
     456
     472
     552
     582
     624
     709
     751
     763
     886
    1004
    1077
    1119
    1188
    1187
    1283
    1338
    1424
    1550
    1615
    1559
    1590
    1643
    1639
    1529
    1567
    1494
    1498
    1465
    1482
    1359
    1273
    1240
    1068
    1035
     976
     920
     874
     780
     711
     676
     585
     474
     474
     458
     352
     351
     324
     307
     258
     230
     193
     202
     218
     208
     167
     177
     198
     169
     169
     129
     152
     164
     145
     137
     131
     131
     146
     143
     129
     127
     144
     128
     115
     115
      96
     120
     112
     123
     121
     114
     112
     101
     111
     119
     114
      87
      79
     111
      94
      88
      92
     104
      96
      75
      73
      77
      95
      76
      78
      96
      74
      94
      72
      95
      68
      78
      76
      89
      95
      84
      77
      78
      67
      76
      88
      78
      80
      71
      67
      84
      66
      66
      75
      73
      74
      63
      77
      67
      70
      74
      77
      68
      70
      66
      63
      69
      62
      60
      53
      64
      65
      77
      71
      63
      67
      70
      66
      69
      61
      53
      79
      52
      56
      78
      56
      64
      48
      56
      55
      63
      64
      50
      53
      51
      59
      62
      51
      62
      59
      41
      66
      50
      66
      50
      47
      52
      61
      57
      66
      58
      61
      55
      48
      43
      59
      57
      52
      60
      57
      44
      57
      58
      56
      55
      45
      49
      51
      63
      58
      49
      48
      58
      51
      53
      53
      61
      40
      70
      58
      54
      68
      57
      38
      57
      54
      55
      57
      59
      38
      49
      50
      60
      68
      53
      44
      57
      44
      44
      54
      56
      56
      52
      46
      46
      53
      53
      64
      40
      43
      57
      53
      44
      47
      56
      52
      49
      47
      50
      49
      56
      47
      52
      47
      54
      64
      48
      61
      49
      46
      49
      54
      51
      57
      42
      47
      51
      48
      48
      57
      44
      55
      54
      52
      40
      51
      40
      51
      50
      44
      42
      54
      47
      45
      41
      46
      34
      50
      43
      57
      31
      37
      48
      39
      39
      41
      55
      49
      47
      39
      43
      49
      48
      46
      55
      58
      52
      31
      53
      39
      48
      47
      43
      49
      42
      44
      63
      49
      53
      36
      39
      41
      62
      60
      37
      51
      42
      47
      39
      48
      53
      38
      45
      54
      45
      43
      40
      46
      55
      53
      62
      43
      44
      51
      51
      34
      44
      38
      46
      51
      43
      50
      45
      50
      49
      52
      49
      49
      45
      42
      35
      44
      48
      52
      41
      39
      47
      42
      44
      38
      53
      53
      52
      36
      47
      31
      46
      42
      45
      38
      65
      46
      51
      56
      45
      51
      54
      46
      57
      53
      72
      57
      43
      54
      56
      48
      50
      52
      66
      56
      48
      49
      60
      59
      59
      60
      69
      58
      58
      44
      64
      76
      64
      53
      62
      51
      67
      57
      63
      64
      65
      59
      64
      74
      62
      56
      67
      59
      58
      54
      55
      57
      59
      60
      65
      65
      63
      57
      59
      54
      69
      56
      75
      70
      67
      54
      51
      59
      52
      45
      39
      53
      66
      55
      73
      76
      52
      69
      71
      70
      70
      50
      50
      65
      55
      76
      64
      61
      60
      59
      69
      54
      64
      56
      50
      66
      59
      51
      56
      59
      63
      57
      68
      65
      71
      62
      56
      58
      65
      57
      66
      68
      63
      67
      57
      62
      57
      67
      67
      65
      48
      64
      51
      52
      56
      45
      63
      68
      72
      58
      50
      56
      58
      52
      53
      46
      49
      42
      70
      46
      49
      49
      63
      56
      56
      52
      62
      66
      54
      47
      51
      64
      43
      51
      56
      49
      48
      55
      48
      49
      59
      50
      56
      45
      50
      56
      63
      53
      67
      52
      50
      50
      52
      62
      58
      50
      51
      49
      49
      61
      59
      58
      57
      52
      73
      43
      56
      57
      62
      48
      48
      69
      59
      56
      51
      57
      51
      39
      51
      56
      52
      51
      62
      58
      44
      55
      62
      54
      55
      48
      58
      52
      66
      43
      53
      67
      48
      63
      60
      53
      56
      45
      56
      62
      57
      44
      63
      51
      57
      54
      59
      50
      54
      52
      48
      51
      51
      56
      59
      58
      49
      62
      53
      54
      52
      66
      75
      61
      80
      59
      67
      70
      79
      77
      51
      64
      54
      78
      49
      65
      76
      74
      66
      71
      60
      79
      67
      77
      64
      63
      81
      84
      82
      94
      89
      83
      86
      73
      64
      85
      83
      83
      89
      82
      83
      99
      90
      93
      79
      81
      97
      96
      80
      93
     101
     103
      88
      87
      83
      80
     100
      80
      89
      94
      92
      93
      85
      81
     101
     106
      69
      83
      95
      85
      73
      83
      64
      85
      81
      80
      83
      82
      75
      66
      77
      84
      63
      82
      92
      88
      75
      69
      83
      74
      77
      82
      69
      66
      77
      73
      64
      63
      67
      75
      88
      85
      65
      73
      69
      63
      59
      71
      82
      73
      63
      84
      81
      69
      60
      86
      67
      74
      81
      72
      57
      73
      67
      62
      75
      61
      71
      59
      69
      72
      70
      81
      78
      66
      85
      63
      71
      72
      54
      60
      67
      62
      56
      62
      67
      64
      78
      53
      69
      73
      62
      67
      53
      65
      62
      66
      70
      70
      58
      56
      51
      71
      62
      56
      68
      49
      63
      42
      65
      55
      56
      44
      54
      54
      53
      45
      39
      55
      43
      38
      52
      33
      52
      45
      42
      34
      45
      57
      54
      41
      46
      29
      39
      30
      43
      46
      29
      25
      43
      34
      37
      33
      47
      37
      28
      44
      33
      32
      33
      30
      37
      33
      38
      43
      34
      39
      49
      39
      29
      41
      35
      42
      56
      51
      51
      47
      50
      51
      61
      41
      51
      67
      56
      59
      54
      62
      55
      66
      63
      77
      98
      83
      74
      93
      78
      76
      97
      94
     106
      94
      91
      83
     101
     126
     104
     107
     109
     123
     128
     131
     109
     147
     118
     135
     129
     117
     124
     139
     139
     167
     132
     147
     139
     159
     160
     157
     152
     163
     147
     166
     135
     169
     147
     159
     163
     156
     136
     155
     153
     136
     179
     171
     163
     143
     156
     145
     166
     172
     146
     145
     152
     145
     128
     140
     166
     106
     112
     112
     125
     109
     111
     114
      96
      94
     107
      94
     101
     119
     104
     101
     107
      75
      95
      89
      77
      83
      67
      73
      61
      66
      51
      51
      71
      64
      65
      46
      52
      46
      45
      36
      42
      38
      40
      39
      45
      38
      28
      37
      41
      36
      30
      27
      33
      22
      13
      28
      19
      23
      23
      22
      19
      18
      22
      22
      23
      12
      20
      19
       8
      10
      14
      10
      17
       8
      11
      11
       9
      12
      12
      10
      11
       8
      14
       9
       9
       5
      10
       4
       6
       8
       4
       7
       2
       7
       2
      10
       8
       4
       4
       7
       4
       1
       4
       4
       6
       3
       5
       2
       4
       7
       1
       2
       2
       3
       4
       5
       2
       5
       4
       4
       2
       2
       1
       2
       2
       2
       1
       3
       3
       4
       3
       2
       1
       2
       1
       0
       2
       0
       0
       4
       0
       1
       2
       2
       1
       1
       0
       1
       2
       2
       1
       3
       1
       0
       1
       2
       0
       2
       2
       0
       0
       2
       0
       2
       2
       4
       2
       0
       1
       0
       2
       0
       1
       1
       1
       3
       2
       1
       1
       2
       2
       1
       1
       4
       3
       0
       1
       1
       2
       0
       4
       2
       1
       0
       1
       0
       1
       1
       0
       0
       2
       1
       3
       2
       1
       0
       1
       1
       2
       1
       0
       1
       0
       1
       2
       1
       1
       0
       1
       1
       1
       1
       3
       1
       3
       1
       1
       1
       0
       0
       0
       1
       0
       0
       3
       0
       1
       2
       4
       0
       2
       0
       0
       2
       1
       1
       2
       1
       0
       0
       1
       0
       1
       0
       0
       0
       1
       1
       1
       1
       1
       2
       3
       1
       1
       2
       1
       0
       0
       1
       1
       1
       0
       1
       1
       2
       0
       0
       0
       0
       2
       1
       0
       2
       0
       0
       0
       0
       1
       1
       3
       1
       3
       0
       1
       1
       3
       1
       3
       1
       1
       4
       1
       3
       1
       0
       2
       0
       0
       1
       2
       2
       1
       1
       3
       1
       3
       0
       3
       0
       3
       1
       0
       2
       1
       0
       1
       2
       0
       0
       2
       1
       1
       0
       1
       0
       2
       1
       1
       1
       0
       3
       1
       0
       1
       0
       0
       2
       2
       0
       2
       2
       0
       0
       1
       0
       0
       1
       1
       0
       1
       1
       1
       1
       4
       0
       1
       0
       0
       3
       2
       0
       0
       3
       1
       0
       0
       1
       0
       2
       2
       4
       0
       0
       0
       1
       0
       0
       0
       3
       0
       2
       1
       0
       3
       1
       1
       0
       1
       2
       4
       1
       0
       0
       0
       2
       0
       1
       3
       2
       0
       1
       2
       0
       3
       3
       0
       1
       2
       0
       1
       1
       1
       0
       0
       0
       0
       0
       3
       1
       1
       2
       0
       0
       3
       1
       0
       2
       1
       0
       0
       1
       1
       2
       0
       3
       1
       0
       0
       0
       1
       1
       0
       1
       1
       3
       1
       0
       0
       1
       0
       1
       3
       0
       1
       1
       2
       1
       2
       1
       0
       2
       1
       0
       0
       1
       1
       1
       0
       2
       1
       0
       1
       0
       0
       0
       0
       0
       1
       1
       3
       0
       0
       1
       3
       0
       1
       2
       0
       0
       0
       0
       1
       0
       0
       0
       0
       1
       1
       1
       1
       2
       1
       1
       0
       2
       1
       2
       0
       1
       1
       0
       1
       0
       0
       0
       0
       0
       0
       0
       0
       0
       0
       0
       0
       0
       0
       1
       0
       0
       0
       0
       0
       0
       0
       0
       0
       0
       0
       0
       0
       0
       0
       0
       0
       0
       0
       0
       2
       0
       0
       0
       0
       0
       0
       0
       0
       0
       0
       0
       0
       0
       0
       0
       0
       0
       0
       0
       0
       0
       0
       0
       0
       0
       0
       0
       0
       0
       0
       0
       0
       0
       0
       0
       0
       0
       0
       0
       0
       0
       0
       0
       0
       0
       0
       0
       0
       0
       0
       0
       0
       0
       0
       0
       0
       0
       0
       0
       0
       0
       0
       0
       0
       0
       0
       0
       0
       0
       0
       0
       0
       0
       0
       0
       0
       0
       0
       0
       0
       0
       0
       0
       0
       0
       0
       0
       0
       0
       0
       0
       0
       0
       0
       0
       0
       0
       0
       0
       0
       0
       0
       0
       1
       0
       0
       0
       0
       0
       0
       0
       0
       0
       0
       0
       0
       0
       0
       0
       0
       0
       0
       0
       0
       0
       0
       0
       0
       0
       0
       0
       0
       0
       0
       0
       0
       0
       0
       0
       1
       0
       0
       0
       0
       0
       0
       0
       0
       0
       0
       1
       0
       0
       0
       0
       0
       0
       0
       0
       0
       0
       1
       0
       0
       0
       0
       0
       0
       0
       0
       0
       0
       0
       0
       0
       0
       0
       0
       0
       0
       0
       0
       0
       0
       0
       0
       0
       0
       0
       0
       0
       0
       0
       0
       0
       0
       0
       0
       0
       0
       0
       0
       0
       0
       0
       0
       0
       0
       0
       0
       0
       0
       0
       0
       0
       0
       0
       0
       0
       0
       0
       0
       0
       0
       0
       0
       0
       0
       0
       0
       0
       0
       0
       0
       0
       0
       0
       0
       0
       0
       0
       0
       0
       0
       0
       0
       0
       0
       0
       0
       0
       0
       0
       0
       0
       0
       0
       0
       0
       0
       0
       0
       0
       0
       0
       0
       0
       0
       0
       0
       0
       0
       0
       0
       0
       0
       0
       0
       0
       0
       0
       0
       0
       0
       0
       0
       0
       0
       0
       0
       0
       0
       0
       0
       0
       0
       0
       0
       0
       0
       0
       0
       0
       0
       0
       0
       0
       0
       0
       0
       0
       0
       0
       0
       0
       0
       0
       0
       0
       0
       0
       0
       0
       0
       0
       0
       0
       0
       0
       0
       0
       0
       0
       0
       0
       0
       0
       0
       0
       0
       0
       0
       0
$ROI:
1
10 10
$PRESETS:
None
0
0
$ENER_FIT:
0.000000 0.000000
$MCA_CAL:
3
0.000000E+000 0.000000E+000 0.000000E+000 
$SHAPE_CAL:
3
0.000000E+000 0.000000E+000 0.000000E+000
