$SPEC_ID:
Beryllilum 1 Calibration
$SPEC_REM:
DET# 1
DETDESC# DESKTOP-T9B70KN Easy-MCA-8k SN 15013759
AP# Maestro Version 7.01
$DATE_MEA:
01/24/2023 11:44:01
$MEAS_TIM:
1242 1243
$DATA:
0 2047
       0
       0
       0
       0
       0
       0
       0
       0
       0
       0
       0
       0
       0
       0
       0
       0
       1
       0
       0
       0
       0
       0
       0
       1
       0
       0
       0
       0
       0
       0
       0
       0
       0
       0
       0
       0
       0
       0
       1
       1
       0
       1
       2
       6
       9
      21
      35
     102
     169
     315
     438
     636
     737
     857
     955
     994
    1012
     980
     992
    1069
    1010
    1025
    1080
    1022
    1004
     988
     995
     963
     980
     970
     909
     925
     878
     930
     923
     918
     892
     876
     849
     830
     841
     843
     858
     807
     826
     820
     742
     788
     794
     684
     751
     744
     735
     701
     698
     696
     703
     752
     702
     716
     672
     705
     677
     715
     596
     671
     613
     637
     573
     636
     646
     614
     596
     560
     574
     614
     551
     576
     570
     606
     570
     563
     544
     528
     534
     524
     499
     535
     511
     552
     499
     476
     481
     494
     442
     423
     421
     435
     420
     425
     414
     399
     443
     399
     366
     430
     345
     366
     344
     347
     379
     330
     370
     329
     364
     331
     360
     323
     301
     346
     330
     338
     329
     289
     315
     299
     291
     347
     288
     296
     264
     292
     292
     295
     299
     252
     262
     258
     220
     277
     241
     292
     238
     261
     248
     239
     240
     240
     227
     259
     240
     230
     219
     232
     201
     219
     222
     215
     197
     226
     201
     183
     194
     212
     207
     197
     178
     193
     172
     189
     171
     165
     188
     202
     181
     178
     190
     166
     145
     174
     126
     174
     152
     169
     164
     154
     175
     155
     183
     137
     143
     144
     139
     150
     153
     141
     143
     136
     120
     143
     154
     152
     139
     147
     136
     118
     136
     118
     137
     117
     121
     135
     143
     122
     133
     123
     137
     124
     132
     123
     135
     156
     111
     120
     142
     112
     127
     150
      99
     107
     140
     127
     133
     124
     127
     124
     135
     126
     127
     114
     122
     115
     105
     108
     113
     127
     113
     123
     110
     123
     113
      91
     136
     111
      97
      92
     116
     118
      72
      94
     104
     121
      92
     105
      95
     111
     112
      98
     110
      88
      98
     102
     114
     117
     103
     120
     111
      99
      94
      92
     104
     112
     109
      95
     100
      99
     107
     100
     113
     110
      99
     101
      91
     108
     112
     115
      92
      89
      82
      85
      78
     102
      82
     101
     111
      76
      84
      77
      78
      75
      68
      93
      74
      68
      72
      69
      65
      64
      53
      64
      75
      74
      63
      70
      67
      71
      69
      56
      73
      56
      74
      64
      73
      64
      51
      49
      69
      67
      55
      61
      59
      67
      73
      57
      52
      63
      58
      73
      63
      56
      61
      61
      60
      49
      70
      65
      60
      55
      56
      86
      62
      69
      69
      46
      52
      64
      55
      49
      63
      65
      48
      61
      58
      62
      54
      49
      59
      51
      51
      58
      60
      55
      53
      59
      63
      55
      60
      65
      56
      57
      56
      51
      62
      57
      42
      55
      55
      65
      54
      50
      63
      62
      53
      51
      55
      50
      55
      58
      50
      47
      58
      44
      56
      54
      50
      51
      43
      54
      54
      48
      58
      46
      52
      45
      60
      40
      45
      52
      58
      55
      42
      48
      56
      45
      45
      42
      43
      55
      51
      51
      41
      44
      44
      41
      52
      41
      51
      53
      57
      51
      58
      53
      50
      54
      46
      51
      65
      54
      44
      54
      50
      55
      53
      44
      45
      49
      50
      44
      43
      45
      67
      46
      66
      39
      51
      57
      42
      36
      47
      47
      52
      49
      43
      42
      52
      58
      44
      49
      60
      41
      45
      48
      53
      42
      52
      50
      45
      37
      43
      37
      43
      45
      49
      33
      54
      37
      43
      34
      38
      37
      33
      29
      54
      39
      36
      39
      41
      36
      34
      26
      38
      29
      40
      32
      36
      32
      34
      33
      33
      39
      37
      39
      39
      30
      37
      40
      30
      34
      37
      45
      41
      36
      39
      39
      35
      37
      40
      36
      40
      21
      33
      36
      39
      35
      35
      26
      39
      32
      34
      36
      21
      52
      37
      30
      34
      42
      33
      40
      41
      36
      32
      42
      35
      30
      31
      40
      40
      33
      31
      33
      42
      28
      27
      33
      39
      45
      30
      36
      33
      26
      22
      28
      37
      28
      29
      37
      29
      33
      30
      23
      25
      28
      16
      22
      37
      28
      25
      32
      30
      24
      27
      35
      24
      25
      27
      27
      27
      24
      34
      31
      29
      23
      23
      22
      22
      28
      30
      20
      25
      21
      28
      20
      20
      26
      14
      18
      29
      20
      27
      29
      29
      17
      25
      22
      14
      19
      23
      15
      18
      29
      18
      20
      23
      19
      10
      19
      12
      13
      25
      19
      19
      24
      25
      13
      20
      26
      16
      19
      19
      22
      14
      20
      16
      21
      19
      19
      18
      29
      17
      20
      20
      22
       9
      19
      27
      17
      17
      15
      15
      26
      25
      13
      18
      17
      26
      27
      22
      23
      27
      17
      30
      27
      22
      20
      18
      30
      29
      14
      31
      28
      25
      23
      32
      34
      31
      43
      37
      37
      39
      42
      37
      44
      45
      49
      44
      51
      37
      54
      51
      50
      48
      41
      52
      68
      43
      65
      49
      62
      52
      43
      63
      56
      46
      59
      67
      49
      56
      60
      49
      56
      45
      55
      41
      47
      41
      42
      47
      48
      50
      47
      44
      38
      51
      45
      51
      34
      42
      40
      37
      36
      31
      38
      33
      39
      37
      30
      37
      34
      27
      23
      27
      21
      20
      21
      25
      24
      28
      26
      16
      21
      25
      22
      18
      18
      25
      21
      20
      11
      13
       7
      11
      18
      12
      16
      16
      12
      10
      15
      13
      13
      15
       5
      13
      11
      12
      16
      15
       6
      11
      13
       8
      16
      14
      10
       6
      12
       6
       6
      12
      10
       9
       4
       6
       7
       9
      10
      14
      13
      10
       8
       5
       4
       6
       5
       8
       8
       9
       7
       9
       8
      10
       4
       6
       5
       4
       6
      10
       5
       4
       6
       9
       7
       9
       9
       7
       7
       7
      10
       4
       7
       8
       9
      10
       6
       8
       6
      14
       5
       8
       5
       4
       5
       6
       7
       7
       4
       6
       8
       3
       7
       8
      12
       6
       7
       7
       7
       7
       3
       9
       7
       6
       6
       9
       4
       6
       7
       5
       5
       5
       6
       9
       3
       4
       8
      10
       6
       3
       5
       9
       8
       3
       4
       4
       5
       9
       9
       6
       5
       3
       6
       4
       6
       8
       2
       3
       4
       6
       5
       9
       1
       3
       3
       6
       7
       3
       8
       9
       3
       1
       6
       4
       4
       5
       4
       3
       6
       7
       5
       6
       4
       9
       3
       6
       7
       6
       4
       3
       4
       8
       1
       5
       3
       7
       3
       3
       9
       3
       4
       7
       1
       3
       9
       5
       3
       2
       5
       3
       5
       5
       5
       5
       2
       4
       3
       8
       5
       6
       5
       3
       4
       3
       3
       5
       6
       4
       4
       8
       5
       3
       2
       1
       2
       3
       4
       5
       4
       3
       3
       1
       4
       5
       5
       1
       6
       2
       0
       8
       6
       4
       5
       5
       7
       6
       4
       7
       4
       6
       3
       4
       3
       3
       4
       2
       5
       5
       2
       8
       0
       4
       1
       1
       5
       7
       4
       3
       6
       2
       2
       4
       6
       4
       4
       2
       6
       2
       4
       5
       3
       4
       2
       3
       9
       4
       4
       1
       8
       4
       5
       6
       4
       4
       4
       6
       8
       6
       2
       4
       6
       5
       6
       7
       8
       3
       5
       2
       2
       2
       6
       7
      10
       3
       4
       3
       8
       2
       5
       3
       7
       5
       5
       3
       8
       5
       2
       6
       3
       5
       5
       3
       4
       6
       4
       4
       5
       3
       7
       4
       3
       4
       6
       4
       5
       3
       8
       5
       2
       2
       2
       4
       6
       4
       7
       3
       2
       4
      12
       5
       8
       6
       7
       3
       2
       4
       3
       3
       2
       5
       3
       3
       6
       5
       4
       2
       2
       4
       3
       2
       2
       6
       6
       6
       7
       4
       2
       1
       3
       7
       5
       1
       2
       5
       1
       3
       4
       4
       6
       0
       4
       1
       2
       3
       4
       6
       4
       1
       6
       3
       3
       0
       4
       3
       5
       5
       7
       8
       1
       2
       1
       3
       3
       3
       5
       3
       2
       1
       3
       1
       1
       3
       2
       2
       3
       0
       1
       4
       2
       3
       3
       1
       5
       3
       4
       4
       2
       0
       3
       0
       3
       5
       5
       0
       2
       2
       3
       1
       4
       2
       2
       2
       3
       3
       4
       3
       1
       4
       4
       2
       3
       4
       1
       1
       1
       4
       3
       1
       0
       0
       2
       0
       2
       2
       4
       4
       2
       4
       2
       2
       7
       6
       1
       2
       3
       1
       0
       3
       5
       4
       1
       1
       4
       2
       7
       2
       4
       3
       5
       3
       9
       1
       2
       4
       1
       4
       2
       4
       3
       3
       3
       6
       4
       3
       2
       2
       4
       6
       3
       3
       3
       0
       6
       6
       1
       6
       4
       5
       5
       7
       8
       5
       6
      10
       6
       5
       3
       5
       4
       8
       3
       3
       5
       3
       4
       1
       3
       2
       6
       5
       4
       3
      10
       7
       5
       7
       7
       4
       3
       5
       7
       4
       4
       3
       1
       3
       1
       2
       3
       8
       1
       3
       8
       5
       3
       4
       3
       4
       4
       3
       8
       5
       4
       5
       7
       8
       3
       2
       8
       3
       1
       1
       0
       2
       1
       4
       3
       4
       3
       2
       2
       4
       2
       5
       2
       2
       5
       2
       2
       4
       1
       0
       4
       3
       1
       2
       2
       1
       2
       0
       0
       1
       1
       0
       1
       2
       1
       0
       2
       0
       0
       1
       1
       0
       1
       2
       1
       2
       1
       3
       2
       2
       1
       0
       1
       4
       1
       1
       2
       1
       4
       1
       2
       1
       0
       0
       4
       2
       0
       1
       1
       1
       0
       0
       3
       0
       0
       0
       1
       1
       0
       0
       0
       1
       1
       0
       0
       0
       0
       1
       1
       0
       0
       0
       2
       0
       0
       0
       0
       0
       0
       0
       0
       0
       0
       1
       0
       1
       0
       1
       0
       0
       0
       0
       0
       0
       0
       0
       1
       1
       0
       0
       0
       2
       2
       1
       0
       2
       1
       0
       0
       0
       0
       0
       0
       0
       0
       1
       0
       1
       1
       0
       0
       0
       0
       0
       0
       0
       0
       0
       0
       0
       0
       0
       0
       2
       0
       0
       0
       0
       0
       0
       0
       3
       0
       0
       0
       0
       0
       1
       0
       0
       0
       1
       0
       0
       0
       0
       0
       0
       0
       0
       1
       0
       0
       0
       0
       0
       2
       0
       0
       0
       0
       2
       0
       0
       0
       0
       0
       0
       0
       1
       0
       0
       0
       0
       0
       0
       1
       0
       0
       0
       0
       0
       0
       0
       0
       0
       0
       0
       0
       0
       0
       0
       0
       0
       0
       0
       0
       0
       0
       0
       0
       0
       0
       0
       0
       0
       0
       0
       0
       0
       0
       0
       0
       0
       0
       0
       0
       0
       0
       0
       0
       0
       0
       0
       0
       0
       0
       0
       0
       0
       0
       0
       0
       0
       0
       0
       0
       0
       0
       0
       0
       0
       0
       0
       0
       0
       0
       0
       0
       0
       0
       0
       0
       0
       0
       0
       0
       0
       0
       0
       0
       0
       0
       0
       0
       0
       0
       0
       0
       0
       0
       0
       0
       0
       0
       0
       0
       0
       0
       0
       0
       0
       0
       0
       0
       0
       0
       0
       0
       0
       0
       0
       0
       0
       0
       0
       0
       0
       0
       0
       0
       0
       0
       0
       0
       0
       0
       0
       0
       0
       0
       0
       0
       0
       0
       0
       0
       0
       0
       0
       0
       0
       0
       0
       0
       0
       0
       0
       0
       0
       0
       0
       0
       0
       0
       0
       0
       0
       0
       0
       0
       0
       0
       0
       0
       0
       0
       0
       0
       0
       0
       0
       0
       0
       0
       0
       0
       0
       0
       0
       0
       0
       0
       0
       0
       0
       0
       0
       0
       0
       0
       0
       0
       0
       0
       0
       0
       0
       0
       0
       0
       0
       0
       0
       0
       0
       0
       0
       0
       0
       0
       0
       0
       0
       0
       0
       0
       0
       0
       0
       0
       0
       0
       0
       0
       0
       0
       0
       0
       0
       0
       0
       0
       0
       0
       0
       0
       0
       0
       0
       0
       0
       0
       0
       0
       0
       0
       0
       0
       0
       0
       0
       0
       0
       0
       0
       0
       0
       0
       0
       0
       0
       0
       0
       0
       0
       0
       0
       0
       0
       0
       0
       0
       0
       0
       0
       0
       0
       0
       0
       0
       0
       0
       0
       0
       0
       0
       0
       0
       0
       0
       0
       0
       0
       0
       0
       0
       0
       0
       0
       0
       0
       0
       0
       0
       0
       0
       0
       0
       0
       0
       0
       0
       0
       0
       0
       0
       0
       0
       0
       0
       0
       0
       0
       0
       0
       0
       0
       0
       0
       0
       0
       0
       0
       0
       0
       0
       0
       0
       0
       0
       0
       0
       0
       0
       0
       0
       0
       0
       0
       0
       0
       0
       0
       0
       0
       0
       0
       0
       0
       0
       0
       0
       0
       0
       0
       0
       0
       0
       0
       0
       0
       0
       0
       0
       0
       0
       0
       0
       0
       0
       0
       0
       0
       0
       0
       0
       0
       0
       0
       0
       0
       0
       0
       0
       0
       0
       0
       0
       0
       0
       0
       0
       0
       0
       0
       0
       0
       0
$ROI:
1
10 10
$PRESETS:
None
0
0
$ENER_FIT:
0.000000 0.000000
$MCA_CAL:
3
0.000000E+000 0.000000E+000 0.000000E+000 
$SHAPE_CAL:
3
0.000000E+000 0.000000E+000 0.000000E+000
